CIE 1964 10度观察者（D50）与sRGB（Gamma编码/D65）

波长	刺激值X	刺激值Y	刺激值Z	归一化值x	归一化值y	归一化值z	相对值X	相对值Y	相对值Z	红色	绿色	蓝色	红色-整型	绿色-整型	蓝色-整型	
360	1.2E-7	1.0E-8	5.4E-7	0.18222542	0.01997918	0.7977954	9.12076429	1.0	39.93133303	1.0	0.0	1.0	255	0	255	
361	1.9E-7	2.0E-8	8.1E-7	0.18219518	0.01997142	0.7978334	9.12279491	1.0	39.94875333	1.0	0.0	1.0	255	0	255	
362	2.8E-7	3.0E-8	1.22E-6	0.18217158	0.01996616	0.79786226	9.12401832	1.0	39.96073298	1.0	0.0	1.0	255	0	255	
363	4.2E-7	5.0E-8	1.83E-6	0.18214939	0.01995715	0.79789346	9.1270223	1.0	39.98032357	1.0	0.0	1.0	255	0	255	
364	6.2E-7	7.0E-8	2.72E-6	0.18212383	0.01994677	0.79792941	9.13049229	1.0	40.00293902	1.0	0.0	1.0	255	0	255	
365	9.2E-7	1.0E-7	4.03E-6	0.18209785	0.01993772	0.79796443	9.13333333	1.0	40.02285147	1.0	0.0	1.0	255	0	255	
366	1.35E-6	1.5E-7	5.93E-6	0.18207038	0.01993078	0.79799884	9.13513514	1.0	40.03851351	1.0	0.0	1.0	255	0	255	
367	1.98E-6	2.2E-7	8.67E-6	0.18203687	0.0199182	0.79804493	9.13922412	1.0	40.06612105	1.0	0.0	1.0	255	0	255	
368	2.87E-6	3.1E-7	1.26E-5	0.18200308	0.01990787	0.79808905	9.14226607	1.0	40.08911521	1.0	0.0	1.0	255	0	255	
369	4.15E-6	4.5E-7	1.82E-5	0.18196209	0.01989546	0.79814245	9.1459114	1.0	40.11681728	1.0	0.0	1.0	255	0	255	
370	5.96E-6	6.5E-7	2.614E-5	0.1819231	0.01987885	0.79819805	9.15158962	1.0	40.15312548	1.0	0.0	1.0	255	0	255	
371	8.51E-6	9.3E-7	3.733E-5	0.18188194	0.01986126	0.79825679	9.15762274	1.0	40.19164513	1.0	0.0	1.0	255	0	255	
372	1.207E-5	1.32E-6	5.299E-5	0.18182969	0.01984991	0.7983204	9.1602277	1.0	40.21783681	1.0	0.0	1.0	255	0	255	
373	1.702E-5	1.86E-6	7.476E-5	0.18178032	0.0198326	0.79838708	9.16573336	1.0	40.25629981	1.0	0.0	1.0	255	0	255	
374	2.387E-5	2.6E-6	1.0487E-4	0.18172682	0.01981118	0.79846201	9.17294389	1.0	40.30361261	1.0	0.0	1.0	255	0	255	
375	3.327E-5	3.63E-6	1.4622E-4	0.18167123	0.01979674	0.79853204	9.17682759	1.0	40.33655172	1.0	0.0	1.0	255	0	255	
376	4.609E-5	5.02E-6	2.0266E-4	0.18161219	0.01977806	0.79860974	9.18250648	1.0	40.37856147	1.0	0.0	1.0	255	0	255	
377	6.347E-5	6.91E-6	2.7923E-4	0.18155139	0.01975636	0.79869225	9.18951788	1.0	40.42710294	1.0	0.0	1.0	255	0	255	
378	8.689E-5	9.45E-6	3.8245E-4	0.18148211	0.01973512	0.79878277	9.19589375	1.0	40.47518256	1.0	0.0	1.0	255	0	255	
379	1.1825E-4	1.285E-5	5.2072E-4	0.18141065	0.01971114	0.79887821	9.20345579	1.0	40.52926526	1.0	0.0	1.0	255	0	255	
380	1.5995E-4	1.736E-5	7.0478E-4	0.18133256	0.01968502	0.79898242	9.21170237	1.0	40.5883437	1.0	0.0	1.0	255	0	255	
381	2.1508E-4	2.333E-5	9.4823E-4	0.18125172	0.01965808	0.7990902	9.22021692	1.0	40.649462	1.0	0.0	1.0	255	0	255	
382	2.8749E-4	3.115E-5	0.0012682	0.18117138	0.01963021	0.79919841	9.22921348	1.0	40.71268058	1.0	0.0	1.0	255	0	255	
383	3.8199E-4	4.135E-5	0.0016861	0.18108598	0.01960236	0.79931167	9.23796856	1.0	40.77629988	1.0	0.0	1.0	255	0	255	
384	5.0455E-4	5.456E-5	0.0022285	0.18099734	0.01957232	0.79943034	9.2476173	1.0	40.84494135	1.0	0.0	1.0	255	0	255	
385	6.6244E-4	7.156E-5	0.0029278	0.18090557	0.0195423	0.79955213	9.25712689	1.0	40.91391839	1.0	0.0	1.0	255	0	255	
386	8.645E-4	9.33E-5	0.0038237	0.180801	0.01951271	0.79968629	9.26580922	1.0	40.98285102	1.0	0.0	1.0	255	0	255	
387	0.0011215	1.2087E-4	0.0049642	0.18069562	0.01947452	0.79982986	9.27856375	1.0	41.07057169	1.0	0.0	1.0	255	0	255	
388	0.00144616	1.5564E-4	0.0064067	0.18057814	0.01943435	0.79998751	9.29169879	1.0	41.16358263	1.0	0.0	1.0	255	0	255	
389	0.00185359	1.992E-4	0.0082193	0.18044916	0.01939235	0.80015849	9.30517068	1.0	41.26154618	1.0	0.0	1.0	255	0	255	
390	0.0023616	2.534E-4	0.0104822	0.18031335	0.01934765	0.800339	9.31965272	1.0	41.36621942	1.0	0.0	1.0	255	0	255	
391	0.0029906	3.202E-4	0.013289	0.1801588	0.01928939	0.80055181	9.33978763	1.0	41.50218613	1.0	0.0	1.0	255	0	255	
392	0.0037645	4.024E-4	0.016747	0.1799999	0.01924079	0.8007593	9.35511928	1.0	41.61779324	1.0	0.0	1.0	255	0	255	
393	0.0047102	5.023E-4	0.02098	0.1798301	0.01917725	0.80099265	9.37726458	1.0	41.76786781	1.0	0.0	1.0	255	0	255	
394	0.0058581	6.232E-4	0.026127	0.17965058	0.0191117	0.80123772	9.40003209	1.0	41.92394095	1.0	0.0	1.0	255	0	255	
395	0.0072423	7.685E-4	0.032344	0.17946564	0.01904358	0.80149078	9.42394275	1.0	42.08718282	1.0	0.0	1.0	255	0	255	
396	0.0088996	9.417E-4	0.039802	0.17927092	0.01896933	0.80175975	9.45056812	1.0	42.26611447	1.0	0.0	1.0	255	0	255	
397	0.0108709	0.0011478	0.048691	0.17906364	0.01890637	0.80202999	9.4710751	1.0	42.42115351	1.0	0.0	1.0	255	0	255	
398	0.0131989	0.0013903	0.05921	0.17884882	0.01883896	0.80231222	9.49356254	1.0	42.58793066	1.0	0.0	1.0	255	0	255	
399	0.0159292	0.001674	0.071576	0.17862013	0.01877119	0.80260868	9.51565114	1.0	42.75746714	1.0	0.0	1.0	255	0	255	
400	0.0191097	0.0020044	0.0860109	0.17838693	0.01871085	0.80290222	9.53387547	1.0	42.9110457	1.0	0.0	1.0	255	0	255	
401	0.022788	0.002386	0.10274	0.17815095	0.01865316	0.8031959	9.55071249	1.0	43.05951383	1.0	0.0	1.0	255	0	255	
402	0.027011	0.002822	0.122	0.1778994	0.01858621	0.80351439	9.57158044	1.0	43.23175053	1.0	0.0	1.0	255	0	255	
403	0.031829	0.003319	0.14402	0.17764891	0.01852451	0.80382658	9.58993673	1.0	43.39258813	1.0	0.0	1.0	255	0	255	
404	0.037278	0.00388	0.16899	0.17738927	0.01846318	0.80414755	9.60773196	1.0	43.55412371	1.0	0.0	1.0	255	0	255	
405	0.0434	0.004509	0.19712	0.17712189	0.0184019	0.8044762	9.62519406	1.0	43.71701042	1.0	0.0	1.0	255	0	255	
406	0.050223	0.005209	0.22857	0.1768403	0.01834142	0.80481828	9.64158188	1.0	43.87982338	1.0	0.0	1.0	255	0	255	
407	0.057764	0.005985	0.26347	0.17653009	0.0182905	0.80517941	9.65146199	1.0	44.02172097	1.0	0.0	1.0	255	0	255	
408	0.066038	0.006833	0.3019	0.17620894	0.01823247	0.80555859	9.664569	1.0	44.18264306	1.0	0.0	1.0	255	0	255	
409	0.075033	0.007757	0.34387	0.17586134	0.01818075	0.80595791	9.67294057	1.0	44.33028233	1.0	0.0	1.0	255	0	255	
410	0.084736	0.008756	0.389366	0.17548845	0.0181337	0.80637786	9.6774783	1.0	44.46847876	1.0	0.0	1.0	255	0	255	
411	0.095041	0.009816	0.43797	0.17508525	0.01808311	0.80683164	9.68225346	1.0	44.61797066	1.0	0.0	1.0	255	0	255	
412	0.105836	0.010918	0.48922	0.17465436	0.01801727	0.80732837	9.6937168	1.0	44.808573	1.0	0.0	1.0	255	0	255	
413	0.117066	0.012058	0.5429	0.17419914	0.01794281	0.80785805	9.70857522	1.0	45.02405042	1.0	0.0	1.0	255	0	255	
414	0.128682	0.013237	0.59881	0.17372345	0.01787023	0.80840631	9.72138702	1.0	45.2375916	1.0	0.0	1.0	255	0	255	
415	0.140638	0.014456	0.65676	0.17323065	0.01780616	0.80896319	9.72869397	1.0	45.43165468	1.0	0.0	1.0	255	0	255	
416	0.152893	0.015717	0.71658	0.17272337	0.01775551	0.80952112	9.72787428	1.0	45.59267036	1.0	0.0	1.0	255	0	255	
417	0.165416	0.017025	0.77812	0.1722077	0.01772402	0.81006828	9.71606461	1.0	45.70455213	1.0	0.0	1.0	255	0	255	
418	0.178191	0.018399	0.84131	0.17168417	0.01772714	0.81058869	9.68481983	1.0	45.72585467	1.0	0.0	1.0	255	0	255	
419	0.191214	0.019848	0.90611	0.17115896	0.01776629	0.81107475	9.63391778	1.0	45.65245869	1.0	0.0	1.0	255	0	255	
420	0.204492	0.021391	0.972542	0.17063396	0.01784926	0.81151678	9.55972138	1.0	45.46500865	1.0	0.0	1.0	255	0	255	
421	0.21765	0.022992	1.0389	0.17009993	0.01796893	0.81193114	9.46633612	1.0	45.18528184	1.0	0.0	1.0	255	0	255	
422	0.230267	0.024598	1.1031	0.1695677	0.01811387	0.81231843	9.36120823	1.0	44.84510936	1.0	0.0	1.0	255	0	255	
423	0.242311	0.026213	1.1651	0.16901991	0.01828443	0.81269566	9.24392477	1.0	44.44741159	1.0	0.0	1.0	255	0	255	
424	0.253793	0.027841	1.2249	0.16846151	0.01848017	0.81305832	9.11580044	1.0	43.9962645	1.0	0.0	1.0	255	0	255	
425	0.264737	0.029497	1.2825	0.16790213	0.01870766	0.81339021	8.97504831	1.0	43.47899786	1.0	0.0	1.0	255	0	255	
426	0.275195	0.031195	1.3382	0.1673335	0.01896825	0.81369825	8.82176631	1.0	42.8979003	1.0	0.0	1.0	255	0	255	
427	0.285301	0.032927	1.3926	0.16676194	0.01924624	0.81399182	8.66465211	1.0	42.29355848	1.0	0.0	1.0	255	0	255	
428	0.295143	0.034738	1.4461	0.1661859	0.01955989	0.81425421	8.4962577	1.0	41.62876389	1.0	0.0	1.0	255	0	255	
429	0.304869	0.036654	1.4994	0.1656066	0.01991066	0.81448274	8.3174824	1.0	40.90685873	1.0	0.0	1.0	255	0	255	
430	0.314679	0.038676	1.55348	0.16502686	0.02028282	0.81469031	8.13628607	1.0	40.16651153	1.0	0.0	1.0	255	0	255	
431	0.324355	0.040792	1.6072	0.16445129	0.02068196	0.81486676	7.95143656	1.0	39.39988233	1.0	0.0	1.0	255	0	255	
432	0.33357	0.042946	1.6589	0.16388296	0.02109937	0.81501767	7.76719601	1.0	38.62757882	1.0	0.0	1.0	255	0	255	
433	0.342243	0.045114	1.7082	0.16331839	0.02152841	0.8151532	7.58618167	1.0	37.86407767	1.0	0.0	1.0	255	0	255	
434	0.350312	0.047333	1.7548	0.16275073	0.02199034	0.81525893	7.40100987	1.0	37.07350052	1.0	0.0	1.0	255	0	255	
435	0.357719	0.049602	1.7985	0.16217046	0.02248687	0.81534268	7.21178582	1.0	36.2586186	1.0	0.0	1.0	255	0	255	
436	0.364482	0.051934	1.8392	0.16158867	0.02302431	0.81538702	7.01817692	1.0	35.41417954	1.0	0.0	1.0	255	0	255	
437	0.370493	0.054337	1.8766	0.16098382	0.0236101	0.81540607	6.81842943	1.0	34.53631963	1.0	0.0	1.0	255	0	255	
438	0.375727	0.056822	1.9105	0.16035815	0.02425131	0.81539054	6.61235085	1.0	33.62254057	1.0	0.0	1.0	255	0	255	
439	0.380158	0.059399	1.9408	0.1597063	0.02495382	0.81533988	6.40007408	1.0	32.67395074	1.0	0.0	1.0	255	0	255	
440	0.383734	0.062077	1.96728	0.15902177	0.0257251	0.81525313	6.18158094	1.0	31.69096445	1.0	0.0	1.0	255	0	255	
441	0.386327	0.064737	1.9891	0.1583201	0.02652977	0.81515013	5.96763829	1.0	30.72586002	1.0	0.0	1.0	255	0	255	
442	0.387858	0.067285	2.0057	0.15761184	0.02734226	0.8150459	5.76440514	1.0	29.80902133	1.0	0.0	1.0	255	0	255	
443	0.388396	0.069764	2.0174	0.15689218	0.0281811	0.81492672	5.56728399	1.0	28.91749326	1.0	0.0	1.0	255	0	255	
444	0.387978	0.072218	2.0244	0.15615335	0.02906629	0.81478035	5.37231715	1.0	28.03179263	1.0	0.0	1.0	255	0	255	
445	0.386726	0.074704	2.0273	0.1553909	0.03001692	0.81459218	5.17677768	1.0	27.1377704	1.0	0.0	1.0	255	0	255	
446	0.384696	0.077272	2.0264	0.15459771	0.03105328	0.814349	4.97846568	1.0	26.22424682	1.0	0.0	1.0	255	0	255	
447	0.382006	0.079979	2.0223	0.15376899	0.03219397	0.81403704	4.77632879	1.0	25.28538741	0.97597995	0.0	1.0	249	0	255	
448	0.378709	0.082874	2.0153	0.15289741	0.03345899	0.8136436	4.56969617	1.0	24.31763883	0.8928986	0.0	1.0	228	0	255	
449	0.374915	0.086	2.006	0.15197727	0.03486136	0.81316138	4.35947674	1.0	23.3255814	0.79852251	0.0	1.0	204	0	255	
450	0.370702	0.089456	1.9948	0.15100136	0.03643891	0.81255973	4.14395904	1.0	22.29923091	0.68681427	0.0	1.0	175	0	255	
451	0.366089	0.092947	1.9814	0.15000967	0.03808623	0.8119041	3.93868549	1.0	21.31752504	0.55427093	0.0	1.0	141	0	255	
452	0.361045	0.096275	1.9653	0.1490308	0.03974003	0.81122917	3.75014282	1.0	20.41339912	0.38176424	0.0	1.0	97	0	255	
453	0.355518	0.099535	1.9464	0.14804287	0.04144782	0.8105093	3.57178882	1.0	19.55493043	0.0	0.0	1.0	0	0	255	
454	0.349486	0.102829	1.9248	0.14702107	0.0432579	0.80972103	3.39871048	1.0	18.71845491	0.0	0.0	1.0	0	0	255	
455	0.342957	0.106256	1.9007	0.14594455	0.04521699	0.80883845	3.22764832	1.0	17.88793103	0.0	0.0	1.0	0	0	255	
456	0.335893	0.109901	1.8741	0.14478808	0.04737329	0.80783863	3.05632342	1.0	17.05262009	0.0	0.0	1.0	0	0	255	
457	0.328284	0.113835	1.8451	0.14352976	0.04977005	0.80670019	2.88385822	1.0	16.20854746	0.0	0.0	1.0	0	0	255	
458	0.32015	0.118167	1.8139	0.14214882	0.05246697	0.80538421	2.70930124	1.0	15.35030931	0.0	0.0	1.0	0	0	255	
459	0.311475	0.122932	1.7806	0.14062032	0.0554996	0.80388008	2.53371783	1.0	14.48443042	0.0	0.0	1.0	0	0	255	
460	0.302273	0.128201	1.74537	0.13892218	0.05892012	0.80215769	2.35780532	1.0	13.61432438	0.0	0.28027583	1.0	0	71	255	
461	0.292858	0.133457	1.7091	0.13714337	0.06249699	0.80035965	2.19439969	1.0	12.80637209	0.0	0.48086283	1.0	0	123	255	
462	0.283502	0.138323	1.6723	0.13537969	0.06605289	0.79856742	2.04956515	1.0	12.08981876	0.0	0.59655341	1.0	0	152	255	
463	0.274044	0.143042	1.6347	0.13356364	0.06971585	0.79672052	1.91582892	1.0	11.42811202	0.0	0.68237366	1.0	0	174	255	
464	0.264263	0.147787	1.5956	0.13162802	0.07361193	0.79476004	1.78813427	1.0	10.79661946	0.0	0.75296426	1.0	0	192	255	
465	0.254085	0.152761	1.5549	0.12951983	0.07786992	0.79261026	1.66328448	1.0	10.17864507	0.0	0.81448708	1.0	0	208	255	
466	0.243392	0.158102	1.5122	0.12718439	0.08261613	0.79019948	1.53946187	1.0	9.56471139	0.0	0.86998932	1.0	0	222	255	
467	0.232187	0.163941	1.4673	0.12460208	0.08797818	0.78741974	1.41628391	1.0	8.9501711	0.0	0.92086223	1.0	0	235	255	
468	0.220488	0.170362	1.4199	0.12176612	0.09408367	0.78415021	1.29423228	1.0	8.33460513	0.0	0.96774753	1.0	0	247	255	
469	0.208198	0.177425	1.37	0.11858924	0.10106099	0.78034977	1.1734423	1.0	7.7215725	0.0	1.0	1.0	0	255	255	
470	0.195618	0.18519	1.31756	0.11517998	0.10903997	0.77578004	1.05630974	1.0	7.11463902	0.0	1.0	1.0	0	255	255	
471	0.183034	0.193025	1.2624	0.11171107	0.11780887	0.77048007	0.94823987	1.0	6.54008548	0.0	1.0	1.0	0	255	255	
472	0.170222	0.200313	1.205	0.10804076	0.12713967	0.76481957	0.84978009	1.0	6.01558561	0.0	1.0	1.0	0	255	255	
473	0.157348	0.207156	1.1466	0.10412784	0.13708917	0.75878298	0.75956284	1.0	5.53495916	0.0	1.0	1.0	0	255	255	
474	0.14465	0.213644	1.088	0.10001424	0.14771824	0.75226752	0.67706091	1.0	5.09258392	0.0	1.0	1.0	0	255	255	
475	0.132349	0.21994	1.0302	0.09573241	0.15908987	0.74517772	0.60175048	1.0	4.68400473	0.0	1.0	1.0	0	255	255	
476	0.120584	0.22617	0.97383	0.09131112	0.17126514	0.73742375	0.53315648	1.0	4.30574347	0.0	1.0	1.0	0	255	255	
477	0.109456	0.232467	0.91943	0.08677666	0.18429972	0.72892362	0.47084532	1.0	3.955099	0.0	1.0	1.0	0	255	255	
478	0.099042	0.239025	0.86746	0.0821566	0.19827428	0.71956912	0.41435833	1.0	3.62916013	0.0	1.0	1.0	0	255	255	
479	0.089388	0.245997	0.81828	0.07748176	0.21323088	0.70928736	0.36337029	1.0	3.32638203	0.0	1.0	1.0	0	255	255	
480	0.080507	0.253589	0.772125	0.0727766	0.229239	0.6979844	0.3174704	1.0	3.04478901	0.0	1.0	1.0	0	255	255	
481	0.072034	0.261876	0.72829	0.06781585	0.24654114	0.68564301	0.27506912	1.0	2.78104905	0.0	1.0	1.0	0	255	255	
482	0.06371	0.270643	0.68604	0.06243673	0.26523408	0.67232919	0.23540236	1.0	2.53485219	0.0	1.0	1.0	0	255	255	
483	0.055694	0.279645	0.64553	0.05678026	0.28509923	0.6581205	0.19915965	1.0	2.308391	0.0	1.0	1.0	0	255	255	
484	0.048117	0.288694	0.60685	0.05098971	0.30592978	0.64308051	0.16667129	1.0	2.10205269	0.0	1.0	1.0	0	255	255	
485	0.041072	0.297665	0.57006	0.04519381	0.32753739	0.6272688	0.13798062	1.0	1.91510591	0.0	1.0	1.0	0	255	255	
486	0.034642	0.306469	0.53522	0.03953073	0.34971831	0.61075096	0.1130359	1.0	1.74640828	0.0	1.0	1.0	0	255	255	
487	0.028896	0.315035	0.50234	0.03414509	0.37226255	0.59359236	0.09172314	1.0	1.59455299	0.0	1.0	1.0	0	255	255	
488	0.023876	0.323335	0.4714	0.02916648	0.39498003	0.57585349	0.07384292	1.0	1.45793063	0.0	1.0	1.0	0	255	255	
489	0.019628	0.331366	0.44239	0.0247396	0.41766156	0.55759884	0.0592336	1.0	1.33504946	0.0	1.0	1.0	0	255	255	
490	0.016172	0.339133	0.415254	0.02098736	0.44011296	0.53889968	0.04768631	1.0	1.22445766	0.0	1.0	1.0	0	255	255	
491	0.0133	0.34786	0.390024	0.01770538	0.46308228	0.51921234	0.03823377	1.0	1.12120968	0.0	1.0	1.0	0	255	255	
492	0.010759	0.358326	0.366399	0.01462846	0.48719755	0.49817399	0.03002573	1.0	1.02252976	0.0	1.0	1.0	0	255	255	
493	0.008542	0.370001	0.344015	0.01182189	0.512071	0.47610711	0.02308642	1.0	0.92976776	0.0	1.0	1.0	0	255	255	
494	0.006661	0.382464	0.322689	0.00935778	0.5373089	0.45333331	0.01741602	1.0	0.84371078	0.0	1.0	0.98114848	0	255	250	
495	0.005132	0.395379	0.302356	0.00730152	0.56252321	0.43017527	0.01297995	1.0	0.76472448	0.0	1.0	0.9291645	0	255	237	
496	0.003982	0.408482	0.283036	0.00572538	0.58732135	0.40695327	0.00974829	1.0	0.69289712	0.0	1.0	0.87833509	0	255	224	
497	0.003239	0.421588	0.264816	0.00469663	0.61131339	0.38398998	0.00768286	1.0	0.62813932	0.0	1.0	0.82896579	0	255	211	
498	0.002934	0.434619	0.247848	0.00428071	0.63410908	0.36161021	0.00675074	1.0	0.57026499	0.0	1.0	0.78136207	0	255	199	
499	0.003114	0.447601	0.232318	0.00455908	0.65531387	0.34012705	0.00695709	1.0	0.51902922	0.0	1.0	0.73585138	0	255	188	
500	0.003816	0.460777	0.218502	0.00558634	0.67454307	0.31987059	0.00828166	1.0	0.47420336	0.0	1.0	0.69284745	0	255	177	
501	0.005095	0.47434	0.205851	0.00743485	0.69217816	0.30038699	0.01074124	1.0	0.43397352	0.0	1.0	0.65113613	0	255	166	
502	0.006936	0.4882	0.193596	0.01007068	0.70883885	0.28109047	0.01420729	1.0	0.39655059	0.0	1.0	0.60904103	0	255	155	
503	0.009299	0.50234	0.181736	0.01341121	0.72448531	0.26210348	0.01851137	1.0	0.36177887	0.0	1.0	0.56633781	0	255	144	
504	0.012147	0.51674	0.170281	0.01737351	0.73907845	0.24354805	0.02350699	1.0	0.32952936	0.0	1.0	0.52275646	0	255	133	
505	0.015444	0.53136	0.159249	0.02187371	0.75257806	0.22554822	0.02906504	1.0	0.29970077	0.0	1.0	0.47796007	0	255	122	
506	0.019156	0.54619	0.148673	0.02682842	0.76495163	0.20821995	0.03507204	1.0	0.27220015	0.0	1.0	0.43147033	0	255	110	
507	0.02325	0.56118	0.138609	0.03215594	0.77614071	0.19170335	0.04143056	1.0	0.24699562	0.0	1.0	0.38267635	0	255	98	
508	0.02769	0.57629	0.129096	0.03777235	0.78612586	0.1761018	0.04804873	1.0	0.22401222	0.0	1.0	0.33045768	0	255	84	
509	0.032444	0.5915	0.120215	0.04359821	0.79485701	0.16154478	0.05485038	1.0	0.20323753	0.0	1.0	0.27291798	0	255	70	
510	0.037465	0.606741	0.112044	0.0495405	0.80230215	0.14815736	0.06174793	1.0	0.18466529	0.0	1.0	0.20580463	0	255	52	
511	0.042956	0.62215	0.10471	0.05580035	0.80818014	0.13601952	0.06904444	1.0	0.16830346	0.0	1.0	0.11482909	0	255	29	
512	0.049114	0.63783	0.098196	0.06255445	0.81237741	0.12506814	0.07700171	1.0	0.15395325	0.0	1.0	0.0	0	255	0	
513	0.05592	0.65371	0.092361	0.06972647	0.8151089	0.11516463	0.08554252	1.0	0.14128742	0.0	1.0	0.0	0	255	0	
514	0.063349	0.66968	0.087088	0.07724386	0.81656642	0.10618973	0.09459593	1.0	0.1300442	0.0	1.0	0.0	0	255	0	
515	0.071358	0.68566	0.082248	0.0850243	0.81697579	0.09799992	0.10407199	1.0	0.1199545	0.0	1.0	0.0	0	255	0	
516	0.079901	0.70155	0.077744	0.09299519	0.81652011	0.0904847	0.1138921	1.0	0.11081748	0.0	1.0	0.0	0	255	0	
517	0.088909	0.71723	0.073456	0.10107947	0.81540936	0.08351116	0.12396163	1.0	0.10241624	0.0	1.0	0.0	0	255	0	
518	0.098293	0.73257	0.069268	0.10919855	0.81384821	0.07695324	0.13417557	1.0	0.09455479	0.0	1.0	0.0	0	255	0	
519	0.107949	0.74746	0.06506	0.11727608	0.81204256	0.07068136	0.14442111	1.0	0.08704145	0.0	1.0	0.0	0	255	0	
520	0.117749	0.761757	0.060709	0.12523625	0.81019448	0.06456927	0.15457554	1.0	0.07969602	0.0	1.0	0.0	0	255	0	
521	0.127839	0.77534	0.056457	0.13321614	0.80795218	0.05883168	0.16488121	1.0	0.0728158	0.0	1.0	0.0	0	255	0	
522	0.13845	0.78822	0.052609	0.14137953	0.8048983	0.05372218	0.17564893	1.0	0.06674406	0.0	1.0	0.0	0	255	0	
523	0.149516	0.80046	0.049122	0.14965099	0.80118267	0.04916635	0.1867876	1.0	0.06136721	0.0	1.0	0.0	0	255	0	
524	0.161041	0.81214	0.045954	0.15801734	0.79689148	0.04509118	0.19829217	1.0	0.05658384	0.0	1.0	0.0	0	255	0	
525	0.172953	0.82333	0.04305	0.16640769	0.79217152	0.0414208	0.21006522	1.0	0.05228766	0.0	1.0	0.0	0	255	0	
526	0.185209	0.83412	0.040368	0.17477543	0.78713066	0.03809391	0.22204119	1.0	0.04839591	0.0	1.0	0.0	0	255	0	
527	0.197755	0.8446	0.037839	0.1830736	0.78189659	0.03502982	0.23414042	1.0	0.04480109	0.0	1.0	0.0	0	255	0	
528	0.210538	0.85487	0.035384	0.19126047	0.7765954	0.03214413	0.24628072	1.0	0.04139109	0.0	1.0	0.0	0	255	0	
529	0.22346	0.86504	0.032949	0.19926006	0.7713592	0.02938074	0.25832331	1.0	0.03808957	0.0	1.0	0.0	0	255	0	
530	0.236491	0.875211	0.030451	0.2070572	0.76628175	0.02666105	0.27021027	1.0	0.03479275	0.0	1.0	0.0	0	255	0	
531	0.249633	0.88537	0.028029	0.21463984	0.76126022	0.02409994	0.28195331	1.0	0.03165795	0.0	1.0	0.0	0	255	0	
532	0.262972	0.89537	0.025862	0.22206647	0.75609439	0.02183914	0.29370204	1.0	0.02888415	0.0	1.0	0.0	0	255	0	
533	0.276515	0.90515	0.02392	0.22936168	0.75079733	0.01984099	0.3054908	1.0	0.02642656	0.0	1.0	0.0	0	255	0	
534	0.290269	0.91465	0.022174	0.23655012	0.74537953	0.01807035	0.31735527	1.0	0.02424315	0.0	1.0	0.0	0	255	0	
535	0.304213	0.92381	0.020584	0.24364191	0.73987251	0.01648557	0.32930256	1.0	0.02228164	0.0	1.0	0.0	0	255	0	
536	0.318361	0.93255	0.019127	0.25067045	0.73426937	0.01506018	0.34138759	1.0	0.02051043	0.0	1.0	0.0	0	255	0	
537	0.332705	0.94081	0.01774	0.25766018	0.72860124	0.01373857	0.35363676	1.0	0.01885609	0.0	1.0	0.0	0	255	0	
538	0.347232	0.94852	0.016403	0.26462727	0.72287192	0.01250081	0.36607768	1.0	0.01729326	0.0	1.0	0.0	0	255	0	
539	0.361926	0.9556	0.015064	0.27159591	0.71709978	0.0113043	0.37874215	1.0	0.01576392	0.0	1.0	0.0	0	255	0	
540	0.376772	0.961988	0.013676	0.27858767	0.7113002	0.01011212	0.39165977	1.0	0.01421639	0.0	1.0	0.0	0	255	0	
541	0.391683	0.96754	0.012308	0.28558086	0.70544523	0.00897391	0.40482357	1.0	0.01272092	0.0	1.0	0.0	0	255	0	
542	0.406594	0.97223	0.011056	0.29253892	0.69950643	0.00795464	0.41820763	1.0	0.01137179	0.0	1.0	0.0	0	255	0	
543	0.421539	0.97617	0.009915	0.29946847	0.69348775	0.00704378	0.4318295	1.0	0.01015704	0.0	1.0	0.0	0	255	0	
544	0.436517	0.97946	0.008872	0.30636018	0.68741319	0.00622662	0.44567108	1.0	0.00905805	0.0	1.0	0.0	0	255	0	
545	0.451584	0.9822	0.007918	0.31322978	0.6812781	0.00549212	0.45976787	1.0	0.00806149	0.0	1.0	0.0	0	255	0	
546	0.466782	0.98452	0.00703	0.32007938	0.67510005	0.00482058	0.4741214	1.0	0.00714054	0.0	1.0	0.0	0	255	0	
547	0.482147	0.98652	0.006223	0.3269037	0.668877	0.0042193	0.48873515	1.0	0.00630803	0.0	1.0	0.0	0	255	0	
548	0.497738	0.98832	0.005453	0.33371393	0.66263004	0.00365602	0.50362028	1.0	0.00551744	0.0	1.0	0.0	0	255	0	
549	0.513606	0.99002	0.004714	0.34051076	0.65636395	0.00312529	0.51878346	1.0	0.00476152	0.07516251	1.0	0.0	19	255	0	
550	0.529826	0.991761	0.003988	0.34729594	0.65008997	0.0026141	0.5342275	1.0	0.00402113	0.26092879	1.0	0.0	67	255	0	
551	0.54644	0.99353	0.003289	0.35408185	0.64378695	0.0021312	0.54999849	1.0	0.00331042	0.35772379	1.0	0.0	91	255	0	
552	0.563426	0.99523	0.002646	0.36086933	0.63743593	0.00169474	0.56612642	1.0	0.00265868	0.43148451	1.0	0.0	110	255	0	
553	0.580726	0.99677	0.002063	0.36765072	0.63104322	0.00130606	0.58260782	1.0	0.00206969	0.49337487	1.0	0.0	126	255	0	
554	0.59829	0.99809	0.001533	0.37441963	0.62462099	9.5938E-4	0.59943492	1.0	0.00153593	0.54778326	1.0	0.0	140	255	0	
555	0.616053	0.99911	0.001091	0.38116101	0.61816398	6.7502E-4	0.61660178	1.0	0.00109197	0.59694194	1.0	0.0	152	255	0	
556	0.633948	0.99977	7.11E-4	0.38787124	0.61169375	4.3501E-4	0.63409384	1.0	7.1116E-4	0.64216828	1.0	0.0	164	255	0	
557	0.651901	1.0	4.07E-4	0.39453964	0.60521404	2.4632E-4	0.651901	1.0	4.07E-4	0.68430752	1.0	0.0	174	255	0	
558	0.669824	0.99971	1.84E-4	0.40115996	0.59872985	1.102E-4	0.67001831	1.0	1.8405E-4	0.72395373	1.0	0.0	185	255	0	
559	0.687632	0.99885	4.7E-5	0.40772023	0.5922519	2.787E-5	0.68842369	1.0	4.705E-5	0.76150069	1.0	0.0	194	255	0	
560	0.705224	0.99734	0.0	0.41421292	0.58578708	0.0	0.7071049	1.0	0.0	0.79726013	1.0	0.0	203	255	0	
561	0.722773	0.99526	0.0	0.42069797	0.57930203	0.0	0.72621526	1.0	0.0	0.83177498	1.0	0.0	212	255	0	
562	0.740483	0.99274	0.0	0.42722893	0.57277107	0.0	0.74589822	1.0	0.0	0.86546029	1.0	0.0	221	255	0	
563	0.758273	0.98975	0.0	0.43378891	0.56621109	0.0	0.76612579	1.0	0.0	0.89836775	1.0	0.0	229	255	0	
564	0.776083	0.9863	0.0	0.44036001	0.55963999	0.0	0.78686302	1.0	0.0	0.93053009	1.0	0.0	237	255	0	
565	0.793832	0.98238	0.0	0.44692413	0.55307587	0.0	0.8080702	1.0	0.0	0.96196822	1.0	0.0	245	255	0	
566	0.811436	0.97798	0.0	0.45346415	0.54653585	0.0	0.82970613	1.0	0.0	0.99269815	1.0	0.0	253	255	0	
567	0.828822	0.97311	0.0	0.45996297	0.54003703	0.0	0.85172488	1.0	0.0	1.0	1.0	0.0	255	255	0	
568	0.845879	0.96774	0.0	0.46640391	0.53359609	0.0	0.87407671	1.0	0.0	1.0	1.0	0.0	255	255	0	
569	0.862525	0.96189	0.0	0.47276798	0.52723202	0.0	0.89669817	1.0	0.0	1.0	1.0	0.0	255	255	0	
570	0.878655	0.955552	0.0	0.47903808	0.52096192	0.0	0.9195261	1.0	0.0	1.0	1.0	0.0	255	255	0	
571	0.894208	0.948601	0.0	0.48524182	0.51475818	0.0	0.94265977	1.0	0.0	1.0	0.99712535	0.0	255	254	0	
572	0.909206	0.940981	0.0	0.49141303	0.50858697	0.0	0.96623205	1.0	0.0	1.0	0.98687497	0.0	255	252	0	
573	0.923672	0.932798	0.0	0.49754211	0.50245789	0.0	0.99021653	1.0	0.0	1.0	0.97629838	0.0	255	249	0	
574	0.937638	0.924158	0.0	0.50362016	0.49637984	0.0	1.01458625	1.0	0.0	1.0	0.96539406	0.0	255	246	0	
575	0.951162	0.915175	0.0	0.50964108	0.49035892	0.0	1.03932253	1.0	0.0	1.0	0.95415629	0.0	255	243	0	
576	0.964283	0.905954	0.0	0.51559401	0.48440599	0.0	1.06438406	1.0	0.0	1.0	0.94258922	0.0	255	240	0	
577	0.977068	0.896608	0.0	0.52147116	0.47852884	0.0	1.08973821	1.0	0.0	1.0	0.93069281	0.0	255	237	0	
578	0.98959	0.887249	0.0	0.52726419	0.47273581	0.0	1.11534642	1.0	0.0	1.0	0.91846959	0.0	255	234	0	
579	1.00191	0.877986	0.0	0.53296033	0.46703967	0.0	1.14114576	1.0	0.0	1.0	0.90593392	0.0	255	231	0	
580	1.01416	0.868934	0.0	0.53856048	0.46143952	0.0	1.16713122	1.0	0.0	1.0	0.89307203	0.0	255	228	0	
581	1.0265	0.860164	0.0	0.54408204	0.45591796	0.0	1.19337708	1.0	0.0	1.0	0.8798284	0.0	255	224	0	
582	1.0388	0.851519	0.0	0.54953688	0.45046312	0.0	1.21993755	1.0	0.0	1.0	0.8661531	0.0	255	221	0	
583	1.051	0.842963	0.0	0.55492108	0.44507892	0.0	1.24679256	1.0	0.0	1.0	0.85203093	0.0	255	217	0	
584	1.0629	0.834393	0.0	0.56021922	0.43978078	0.0	1.27386016	1.0	0.0	1.0	0.83747842	0.0	255	214	0	
585	1.0743	0.825623	0.0	0.56544397	0.43455603	0.0	1.30119922	1.0	0.0	1.0	0.82243473	0.0	255	210	0	
586	1.0852	0.816764	0.0	0.57056811	0.42943189	0.0	1.32865797	1.0	0.0	1.0	0.80695265	0.0	255	206	0	
587	1.0952	0.807544	0.0	0.57558978	0.42441022	0.0	1.35621093	1.0	0.0	1.0	0.79101591	0.0	255	202	0	
588	1.1042	0.797947	0.0	0.58050193	0.41949807	0.0	1.38380118	1.0	0.0	1.0	0.77462493	0.0	255	198	0	
589	1.112	0.787893	0.0	0.58529612	0.41470388	0.0	1.41135916	1.0	0.0	1.0	0.75778755	0.0	255	193	0	
590	1.11852	0.777405	0.0	0.58996005	0.41003995	0.0	1.43878673	1.0	0.0	1.0	0.74053042	0.0	255	189	0	
591	1.1238	0.76649	0.0	0.59451195	0.40548805	0.0	1.46616394	1.0	0.0	1.0	0.72276581	0.0	255	184	0	
592	1.128	0.755309	0.0	0.59894579	0.40105421	0.0	1.49342852	1.0	0.0	1.0	0.70449092	0.0	255	180	0	
593	1.1311	0.743845	0.0	0.60327103	0.39672897	0.0	1.52061249	1.0	0.0	1.0	0.6856356	0.0	255	175	0	
594	1.1332	0.73219	0.0	0.60748691	0.39251309	0.0	1.54768571	1.0	0.0	1.0	0.66616425	0.0	255	170	0	
595	1.1343	0.720353	0.0	0.61159689	0.38840311	0.0	1.57464465	1.0	0.0	1.0	0.6460147	0.0	255	165	0	
596	1.1343	0.708281	0.0	0.61560387	0.38439613	0.0	1.60148303	1.0	0.0	1.0	0.62511573	0.0	255	159	0	
597	1.1333	0.696055	0.0	0.61950797	0.38049203	0.0	1.62817593	1.0	0.0	1.0	0.60339773	0.0	255	154	0	
598	1.1312	0.683621	0.0	0.62331216	0.37668784	0.0	1.65471804	1.0	0.0	1.0	0.58075922	0.0	255	148	0	
599	1.1281	0.671048	0.0	0.62701901	0.37298099	0.0	1.6811018	1.0	0.0	1.0	0.55707781	0.0	255	142	0	
600	1.12399	0.658341	0.0	0.63062922	0.36937078	0.0	1.7073067	1.0	0.0	1.0	0.53221347	0.0	255	136	0	
601	1.1189	0.645545	0.0	0.63413708	0.36586292	0.0	1.73326414	1.0	0.0	1.0	0.50603793	0.0	255	129	0	
602	1.1129	0.632718	0.0	0.63753926	0.36246074	0.0	1.75891946	1.0	0.0	1.0	0.47836799	0.0	255	122	0	
603	1.1059	0.619815	0.0	0.64083583	0.35916417	0.0	1.78424207	1.0	0.0	1.0	0.44892935	0.0	255	114	0	
604	1.098	0.606887	0.0	0.64403095	0.35596905	0.0	1.80923302	1.0	0.0	1.0	0.41730124	0.0	255	106	0	
605	1.0891	0.593878	0.0	0.6471267	0.3528733	0.0	1.83387834	1.0	0.0	1.0	0.38289861	0.0	255	98	0	
606	1.0792	0.580781	0.0	0.65012792	0.34987208	0.0	1.85818751	1.0	0.0	1.0	0.34478494	0.0	255	88	0	
607	1.0684	0.567653	0.0	0.65303508	0.34696492	0.0	1.88213574	1.0	0.0	1.0	0.30146201	0.0	255	77	0	
608	1.0567	0.55449	0.0	0.65585064	0.34414936	0.0	1.90571516	1.0	0.0	1.0	0.25002647	0.0	255	64	0	
609	1.044	0.541228	0.0	0.65858034	0.34141966	0.0	1.92894677	1.0	0.0	1.0	0.1833386	0.0	255	47	0	
610	1.03048	0.527963	0.0	0.66122406	0.33877594	0.0	1.95180344	1.0	0.0	1.0	0.06821374	0.0	255	17	0	
611	1.016	0.514634	0.0	0.66377723	0.33622277	0.0	1.97421857	1.0	0.0	1.0	0.0	0.0	255	0	0	
612	1.0008	0.501363	0.0	0.66623928	0.33376072	0.0	1.99615847	1.0	0.0	1.0	0.0	0.0	255	0	0	
613	0.98479	0.488124	0.0	0.6685998	0.3314002	0.0	2.01749965	1.0	0.0	1.0	0.0	0.0	255	0	0	
614	0.96808	0.474935	0.0	0.67087314	0.32912686	0.0	2.03834209	1.0	0.0	1.0	0.0	0.0	255	0	0	
615	0.95074	0.461834	0.0	0.673055	0.326945	0.0	2.05861846	1.0	0.0	1.0	0.0	0.0	255	0	0	
616	0.9328	0.448823	0.0	0.675148	0.324852	0.0	2.07832486	1.0	0.0	1.0	0.0	0.0	255	0	0	
617	0.91434	0.435917	0.0	0.67715998	0.32284002	0.0	2.09750939	1.0	0.0	1.0	0.0	0.0	255	0	0	
618	0.89539	0.423153	0.0	0.67907531	0.32092469	0.0	2.11599587	1.0	0.0	1.0	0.0	0.0	255	0	0	
619	0.87603	0.410526	0.0	0.6809109	0.3190891	0.0	2.13392087	1.0	0.0	1.0	0.0	0.0	255	0	0	
620	0.856297	0.398057	0.0	0.68265976	0.31734024	0.0	2.15119191	1.0	0.0	1.0	0.0	0.0	255	0	0	
621	0.83635	0.385835	0.0	0.6843072	0.3156928	0.0	2.16763642	1.0	0.0	1.0	0.0	0.0	255	0	0	
622	0.81629	0.373951	0.0	0.68581909	0.31418091	0.0	2.18287958	1.0	0.0	1.0	0.0	0.0	255	0	0	
623	0.79605	0.362311	0.0	0.687221	0.312779	0.0	2.19714555	1.0	0.0	1.0	0.0	0.0	255	0	0	
624	0.77561	0.350863	0.0	0.6885296	0.3114704	0.0	2.21057792	1.0	0.0	1.0	0.0	0.0	255	0	0	
625	0.75493	0.339554	0.0	0.68975883	0.31024117	0.0	2.2232988	1.0	0.0	1.0	0.0	0.0	255	0	0	
626	0.73399	0.328309	0.0	0.69094483	0.30905517	0.0	2.23566823	1.0	0.0	1.0	0.0	0.0	255	0	0	
627	0.71278	0.317118	0.0	0.69208795	0.30791205	0.0	2.24768067	1.0	0.0	1.0	0.0	0.0	255	0	0	
628	0.69129	0.305936	0.0	0.69321297	0.30678703	0.0	2.25959024	1.0	0.0	1.0	0.0	0.0	255	0	0	
629	0.66952	0.294737	0.0	0.69433771	0.30566229	0.0	2.2715845	1.0	0.0	1.0	0.0	0.0	255	0	0	
630	0.647467	0.283493	0.0	0.69548316	0.30451684	0.0	2.28389061	1.0	0.0	1.0	0.0	0.0	255	0	0	
631	0.62511	0.272222	0.0	0.69663179	0.30336821	0.0	2.29632432	1.0	0.0	1.0	0.0	0.0	255	0	0	
632	0.60252	0.26099	0.0	0.69775683	0.30224317	0.0	2.3085942	1.0	0.0	1.0	0.0	0.0	255	0	0	
633	0.57989	0.249877	0.0	0.69885884	0.30114116	0.0	2.32070179	1.0	0.0	1.0	0.0	0.0	255	0	0	
634	0.55737	0.238946	0.0	0.6999357	0.3000643	0.0	2.33261909	1.0	0.0	1.0	0.0	0.0	255	0	0	
635	0.53511	0.228254	0.0	0.70098931	0.29901069	0.0	2.34436198	1.0	0.0	1.0	0.0	0.0	255	0	0	
636	0.51324	0.217853	0.0	0.70201739	0.29798261	0.0	2.35590054	1.0	0.0	1.0	0.0	0.0	255	0	0	
637	0.49186	0.20778	0.0	0.7030187	0.2969813	0.0	2.36721532	1.0	0.0	1.0	0.0	0.0	255	0	0	
638	0.47108	0.198072	0.0	0.7039955	0.2960045	0.0	2.37832707	1.0	0.0	1.0	0.0	0.0	255	0	0	
639	0.45096	0.188748	0.0	0.70494663	0.29505337	0.0	2.38921737	1.0	0.0	1.0	0.0	0.0	255	0	0	
640	0.431567	0.179828	0.0	0.70587264	0.29412736	0.0	2.39988767	1.0	0.0	1.0	0.0	0.0	255	0	0	
641	0.41287	0.171285	0.0	0.70678159	0.29321841	0.0	2.41042707	1.0	0.0	1.0	0.0	0.0	255	0	0	
642	0.39475	0.163059	0.0	0.70767951	0.29232049	0.0	2.42090286	1.0	0.0	1.0	0.0	0.0	255	0	0	
643	0.37721	0.155151	0.0	0.70856054	0.29143946	0.0	2.4312444	1.0	0.0	1.0	0.0	0.0	255	0	0	
644	0.36019	0.147535	0.0	0.70941947	0.29058053	0.0	2.44138679	1.0	0.0	1.0	0.0	0.0	255	0	0	
645	0.34369	0.140211	0.0	0.71024858	0.28975142	0.0	2.45123421	1.0	0.0	1.0	0.0	0.0	255	0	0	
646	0.32769	0.13317	0.0	0.71104023	0.28895977	0.0	2.46068934	1.0	0.0	1.0	0.0	0.0	255	0	0	
647	0.31217	0.1264	0.0	0.71179059	0.28820941	0.0	2.46969937	1.0	0.0	1.0	0.0	0.0	255	0	0	
648	0.29711	0.119892	0.0	0.71249059	0.28750941	0.0	2.478147	1.0	0.0	1.0	0.0	0.0	255	0	0	
649	0.2825	0.11364	0.0	0.71313172	0.28686828	0.0	2.48592045	1.0	0.0	1.0	0.0	0.0	255	0	0	
650	0.268329	0.107633	0.0	0.71371309	0.28628691	0.0	2.49299936	1.0	0.0	1.0	0.0	0.0	255	0	0	
651	0.25459	0.10187	0.0	0.71421758	0.28578242	0.0	2.4991656	1.0	0.0	1.0	0.0	0.0	255	0	0	
652	0.2413	0.096347	0.0	0.71465169	0.28534831	0.0	2.50448898	1.0	0.0	1.0	0.0	0.0	255	0	0	
653	0.22848	0.091063	0.0	0.71502114	0.28497886	0.0	2.50903221	1.0	0.0	1.0	0.0	0.0	255	0	0	
654	0.21614	0.08601	0.0	0.71534006	0.28465994	0.0	2.51296361	1.0	0.0	1.0	0.0	0.0	255	0	0	
655	0.2043	0.081187	0.0	0.71561928	0.28438072	0.0	2.51641273	1.0	0.0	1.0	0.0	0.0	255	0	0	
656	0.19295	0.076583	0.0	0.71586782	0.28413218	0.0	2.51948866	1.0	0.0	1.0	0.0	0.0	255	0	0	
657	0.18211	0.072198	0.0	0.71610016	0.28389984	0.0	2.52236904	1.0	0.0	1.0	0.0	0.0	255	0	0	
658	0.17177	0.068024	0.0	0.71632318	0.28367682	0.0	2.52513819	1.0	0.0	1.0	0.0	0.0	255	0	0	
659	0.16192	0.064052	0.0	0.71654895	0.28345105	0.0	2.52794604	1.0	0.0	1.0	0.0	0.0	255	0	0	
660	0.152568	0.060281	0.0	0.71678984	0.28321016	0.0	2.53094673	1.0	0.0	1.0	0.0	0.0	255	0	0	
661	0.14367	0.056697	0.0	0.71703424	0.28296576	0.0	2.53399651	1.0	0.0	1.0	0.0	0.0	255	0	0	
662	0.1352	0.053292	0.0	0.71727182	0.28272818	0.0	2.53696615	1.0	0.0	1.0	0.0	0.0	255	0	0	
663	0.12713	0.050059	0.0	0.71748246	0.28251754	0.0	2.53960327	1.0	0.0	1.0	0.0	0.0	255	0	0	
664	0.11948	0.046998	0.0	0.71769243	0.28230757	0.0	2.54223584	1.0	0.0	1.0	0.0	0.0	255	0	0	
665	0.11221	0.044096	0.0	0.71788671	0.28211329	0.0	2.54467525	1.0	0.0	1.0	0.0	0.0	255	0	0	
666	0.10531	0.041345	0.0	0.71807985	0.28192015	0.0	2.54710364	1.0	0.0	1.0	0.0	0.0	255	0	0	
667	0.098786	0.0387507	0.0	0.71825193	0.28174807	0.0	2.54927008	1.0	0.0	1.0	0.0	0.0	255	0	0	
668	0.09261	0.0362978	0.0	0.71842045	0.28157955	0.0	2.5513943	1.0	0.0	1.0	0.0	0.0	255	0	0	
669	0.086773	0.0339832	0.0	0.71858008	0.28141992	0.0	2.55340874	1.0	0.0	1.0	0.0	0.0	255	0	0	
670	0.0812606	0.0318004	0.0	0.71873237	0.28126763	0.0	2.55533264	1.0	0.0	1.0	0.0	0.0	255	0	0	
671	0.076048	0.0297395	0.0	0.7188751	0.2811249	0.0	2.55713781	1.0	0.0	1.0	0.0	0.0	255	0	0	
672	0.071114	0.0277918	0.0	0.71900738	0.28099262	0.0	2.55881231	1.0	0.0	1.0	0.0	0.0	255	0	0	
673	0.066454	0.0259551	0.0	0.71912831	0.28087169	0.0	2.5603446	1.0	0.0	1.0	0.0	0.0	255	0	0	
674	0.062062	0.0242263	0.0	0.71924004	0.28075996	0.0	2.56176139	1.0	0.0	1.0	0.0	0.0	255	0	0	
675	0.05793	0.0226017	0.0	0.71934406	0.28065594	0.0	2.56308154	1.0	0.0	1.0	0.0	0.0	255	0	0	
676	0.05405	0.0210779	0.0	0.71943978	0.28056022	0.0	2.5642972	1.0	0.0	1.0	0.0	0.0	255	0	0	
677	0.050412	0.0196505	0.0	0.71952899	0.28047101	0.0	2.56543091	1.0	0.0	1.0	0.0	0.0	255	0	0	
678	0.047006	0.0183153	0.0	0.71961213	0.28038787	0.0	2.56648813	1.0	0.0	1.0	0.0	0.0	255	0	0	
679	0.043823	0.0170686	0.0	0.71968876	0.28031124	0.0	2.56746306	1.0	0.0	1.0	0.0	0.0	255	0	0	
680	0.0408508	0.0159051	0.0	0.71976306	0.28023694	0.0	2.56840888	1.0	0.0	1.0	0.0	0.0	255	0	0	
681	0.038072	0.0148183	0.0	0.71982953	0.28017047	0.0	2.56925558	1.0	0.0	1.0	0.0	0.0	255	0	0	
682	0.035468	0.0138008	0.0	0.71988764	0.28011236	0.0	2.56999594	1.0	0.0	1.0	0.0	0.0	255	0	0	
683	0.033031	0.0128495	0.0	0.71993548	0.28006452	0.0	2.57060586	1.0	0.0	1.0	0.0	0.0	255	0	0	
684	0.030753	0.0119607	0.0	0.71997977	0.28002023	0.0	2.57117058	1.0	0.0	1.0	0.0	0.0	255	0	0	
685	0.028623	0.0111303	0.0	0.7200157	0.2799843	0.0	2.5716288	1.0	0.0	1.0	0.0	0.0	255	0	0	
686	0.026635	0.0103555	0.0	0.72004974	0.27995026	0.0	2.57206315	1.0	0.0	1.0	0.0	0.0	255	0	0	
687	0.024781	0.0096332	0.0	0.72008066	0.27991934	0.0	2.57245775	1.0	0.0	1.0	0.0	0.0	255	0	0	
688	0.023052	0.0089599	0.0	0.72010721	0.27989279	0.0	2.57279657	1.0	0.0	1.0	0.0	0.0	255	0	0	
689	0.021441	0.0083324	0.0	0.72013945	0.27986055	0.0	2.5732082	1.0	0.0	1.0	0.0	0.0	255	0	0	
690	0.0199413	0.0077488	0.0	0.72015991	0.27984009	0.0	2.57346944	1.0	0.0	1.0	0.0	0.0	255	0	0	
691	0.018544	0.0072046	0.0	0.7201945	0.2798055	0.0	2.57391111	1.0	0.0	1.0	0.0	0.0	255	0	0	
692	0.017241	0.0066975	0.0	0.72022057	0.27977943	0.0	2.57424412	1.0	0.0	1.0	0.0	0.0	255	0	0	
693	0.016027	0.0062251	0.0	0.72024663	0.27975337	0.0	2.57457712	1.0	0.0	1.0	0.0	0.0	255	0	0	
694	0.014896	0.005785	0.0	0.72027465	0.27972535	0.0	2.57493518	1.0	0.0	1.0	0.0	0.0	255	0	0	
695	0.013842	0.0053751	0.0	0.72029599	0.27970401	0.0	2.5752079	1.0	0.0	1.0	0.0	0.0	255	0	0	
696	0.012862	0.0049941	0.0	0.72031407	0.27968593	0.0	2.57543902	1.0	0.0	1.0	0.0	0.0	255	0	0	
697	0.011949	0.0046392	0.0	0.72033132	0.27966868	0.0	2.5756596	1.0	0.0	1.0	0.0	0.0	255	0	0	
698	0.0111	0.0043093	0.0	0.72034421	0.27965579	0.0	2.57582438	1.0	0.0	1.0	0.0	0.0	255	0	0	
699	0.010311	0.0040028	0.0	0.72035378	0.27964622	0.0	2.57594684	1.0	0.0	1.0	0.0	0.0	255	0	0	
700	0.00957688	0.00371774	0.0	0.72035756	0.27964244	0.0	2.57599509	1.0	0.0	1.0	0.0	0.0	255	0	0	
701	0.008894	0.00345262	0.0	0.72035909	0.27964091	0.0	2.57601474	1.0	0.0	1.0	0.0	0.0	255	0	0	
702	0.0082581	0.00320583	0.0	0.72035506	0.27964494	0.0	2.57596317	1.0	0.0	1.0	0.0	0.0	255	0	0	
703	0.0076664	0.00297623	0.0	0.72034826	0.27965174	0.0	2.57587619	1.0	0.0	1.0	0.0	0.0	255	0	0	
704	0.0071163	0.00276281	0.0	0.72033817	0.27966183	0.0	2.57574716	1.0	0.0	1.0	0.0	0.0	255	0	0	
705	0.0066052	0.00256456	0.0	0.7203242	0.2796758	0.0	2.57556852	1.0	0.0	1.0	0.0	0.0	255	0	0	
706	0.0061306	0.00238048	0.0	0.72030812	0.27969188	0.0	2.57536295	1.0	0.0	1.0	0.0	0.0	255	0	0	
707	0.0056903	0.00220971	0.0	0.72029023	0.27970977	0.0	2.57513429	1.0	0.0	1.0	0.0	0.0	255	0	0	
708	0.0052819	0.00205132	0.0	0.72027022	0.27972978	0.0	2.57487861	1.0	0.0	1.0	0.0	0.0	255	0	0	
709	0.0049033	0.00190449	0.0	0.72024842	0.27975158	0.0	2.57460002	1.0	0.0	1.0	0.0	0.0	255	0	0	
710	0.00455263	0.00176847	0.0	0.72022749	0.27977251	0.0	2.57433262	1.0	0.0	1.0	0.0	0.0	255	0	0	
711	0.0042275	0.00164236	0.0	0.72020457	0.27979543	0.0	2.5740398	1.0	0.0	1.0	0.0	0.0	255	0	0	
712	0.0039258	0.00152535	0.0	0.72017831	0.27982169	0.0	2.5737044	1.0	0.0	1.0	0.0	0.0	255	0	0	
713	0.0036457	0.00141672	0.0	0.72014965	0.27985035	0.0	2.57333842	1.0	0.0	1.0	0.0	0.0	255	0	0	
714	0.0033859	0.00131595	0.0	0.7201208	0.2798792	0.0	2.5729701	1.0	0.0	1.0	0.0	0.0	255	0	0	
715	0.0031447	0.00122239	0.0	0.7200905	0.2799095	0.0	2.57258322	1.0	0.0	1.0	0.0	0.0	255	0	0	
716	0.0029208	0.00113555	0.0	0.72005621	0.27994379	0.0	2.57214566	1.0	0.0	1.0	0.0	0.0	255	0	0	
717	0.002713	0.00105494	0.0	0.72002208	0.27997792	0.0	2.57171024	1.0	0.0	1.0	0.0	0.0	255	0	0	
718	0.0025202	9.8014E-4	0.0	0.7199872	0.2800128	0.0	2.57126533	1.0	0.0	1.0	0.0	0.0	255	0	0	
719	0.0023411	9.1066E-4	0.0	0.71994858	0.28005142	0.0	2.57077285	1.0	0.0	1.0	0.0	0.0	255	0	0	
720	0.00217496	8.4619E-4	0.0	0.71991129	0.28008871	0.0	2.57029745	1.0	0.0	1.0	0.0	0.0	255	0	0	
721	0.0020206	7.8629E-4	0.0	0.71987146	0.28012854	0.0	2.56978977	1.0	0.0	1.0	0.0	0.0	255	0	0	
722	0.0018773	7.3068E-4	0.0	0.71982914	0.28017086	0.0	2.56925056	1.0	0.0	1.0	0.0	0.0	255	0	0	
723	0.0017441	6.7899E-4	0.0	0.71978342	0.28021658	0.0	2.56866817	1.0	0.0	1.0	0.0	0.0	255	0	0	
724	0.0016205	6.3101E-4	0.0	0.7197392	0.2802608	0.0	2.5681051	1.0	0.0	1.0	0.0	0.0	255	0	0	
725	0.0015057	5.8644E-4	0.0	0.71969371	0.28030629	0.0	2.56752609	1.0	0.0	1.0	0.0	0.0	255	0	0	
726	0.0013992	5.4511E-4	0.0	0.71963833	0.28036167	0.0	2.56682138	1.0	0.0	1.0	0.0	0.0	255	0	0	
727	0.0013004	5.0672E-4	0.0	0.71959803	0.28040197	0.0	2.56630881	1.0	0.0	1.0	0.0	0.0	255	0	0	
728	0.0012087	4.7111E-4	0.0	0.71954566	0.28045434	0.0	2.56564284	1.0	0.0	1.0	0.0	0.0	255	0	0	
729	0.0011236	4.3805E-4	0.0	0.71949541	0.28050459	0.0	2.56500399	1.0	0.0	1.0	0.0	0.0	255	0	0	
730	0.00104476	4.0741E-4	0.0	0.71944745	0.28055255	0.0	2.56439459	1.0	0.0	1.0	0.0	0.0	255	0	0	
731	9.7156E-4	3.7896E-4	0.0	0.71939591	0.28060409	0.0	2.5637399	1.0	0.0	1.0	0.0	0.0	255	0	0	
732	9.036E-4	3.5254E-4	0.0	0.71934485	0.28065515	0.0	2.56309159	1.0	0.0	1.0	0.0	0.0	255	0	0	
733	8.4048E-4	3.28E-4	0.0	0.71929283	0.28070717	0.0	2.56243121	1.0	0.0	1.0	0.0	0.0	255	0	0	
734	7.8187E-4	3.0521E-4	0.0	0.71924002	0.28075998	0.0	2.56176116	1.0	0.0	1.0	0.0	0.0	255	0	0	
735	7.2745E-4	2.8404E-4	0.0	0.71918584	0.28081416	0.0	2.56107393	1.0	0.0	1.0	0.0	0.0	255	0	0	
736	6.769E-4	2.6438E-4	0.0	0.71913097	0.28086903	0.0	2.56037825	1.0	0.0	1.0	0.0	0.0	255	0	0	
737	6.2996E-4	2.4611E-4	0.0	0.71907578	0.28092422	0.0	2.55967884	1.0	0.0	1.0	0.0	0.0	255	0	0	
738	5.8637E-4	2.2914E-4	0.0	0.71901981	0.28098019	0.0	2.55896973	1.0	0.0	1.0	0.0	0.0	255	0	0	
739	5.4587E-4	2.1338E-4	0.0	0.71896329	0.28103671	0.0	2.55825397	1.0	0.0	1.0	0.0	0.0	255	0	0	
740	5.0826E-4	1.9873E-4	0.0	0.71890612	0.28109388	0.0	2.55753032	1.0	0.0	1.0	0.0	0.0	255	0	0	
741	4.733E-4	1.8512E-4	0.0	0.71884754	0.28115246	0.0	2.55678902	1.0	0.0	1.0	0.0	0.0	255	0	0	
742	4.408E-4	1.7245E-4	0.0	0.71878863	0.28121137	0.0	2.55604393	1.0	0.0	1.0	0.0	0.0	255	0	0	
743	4.1058E-4	1.6068E-4	0.0	0.71872954	0.28127046	0.0	2.55529693	1.0	0.0	1.0	0.0	0.0	255	0	0	
744	3.8249E-4	1.4973E-4	0.0	0.71866897	0.28133103	0.0	2.55453149	1.0	0.0	1.0	0.0	0.0	255	0	0	
745	3.5638E-4	1.3955E-4	0.0	0.71860948	0.28139052	0.0	2.55378001	1.0	0.0	1.0	0.0	0.0	255	0	0	
746	3.3211E-4	1.3009E-4	0.0	0.71854798	0.28145202	0.0	2.5530034	1.0	0.0	1.0	0.0	0.0	255	0	0	
747	3.0955E-4	1.2129E-4	0.0	0.71848018	0.28151982	0.0	2.55214775	1.0	0.0	1.0	0.0	0.0	255	0	0	
748	2.8858E-4	1.1311E-4	0.0	0.71842185	0.28157815	0.0	2.55141195	1.0	0.0	1.0	0.0	0.0	255	0	0	
749	2.6909E-4	1.055E-4	0.0	0.71835682	0.28164318	0.0	2.55059194	1.0	0.0	1.0	0.0	0.0	255	0	0	
750	2.5097E-4	9.843E-5	0.0	0.7182918	0.2817082	0.0	2.54977242	1.0	0.0	1.0	0.0	0.0	255	0	0	
751	2.3413E-4	9.185E-5	0.0	0.71822764	0.28177236	0.0	2.54896411	1.0	0.0	1.0	0.0	0.0	255	0	0	
752	2.1847E-4	8.574E-5	0.0	0.71815994	0.28184006	0.0	2.54811169	1.0	0.0	1.0	0.0	0.0	255	0	0	
753	2.0391E-4	8.005E-5	0.0	0.71809916	0.28190084	0.0	2.54734659	1.0	0.0	1.0	0.0	0.0	255	0	0	
754	1.9035E-4	7.475E-5	0.0	0.71802822	0.28197178	0.0	2.54645423	1.0	0.0	1.0	0.0	0.0	255	0	0	
755	1.7773E-4	6.982E-5	0.0	0.71795887	0.28204113	0.0	2.54558215	1.0	0.0	1.0	0.0	0.0	255	0	0	
756	1.6597E-4	6.522E-5	0.0	0.71788816	0.28211184	0.0	2.54469351	1.0	0.0	1.0	0.0	0.0	255	0	0	
757	1.5502E-4	6.094E-5	0.0	0.71782144	0.28217856	0.0	2.54385533	1.0	0.0	1.0	0.0	0.0	255	0	0	
758	1.448E-4	5.694E-5	0.0	0.71774841	0.28225159	0.0	2.54293843	1.0	0.0	1.0	0.0	0.0	255	0	0	
759	1.3528E-4	5.322E-5	0.0	0.7176772	0.2823228	0.0	2.54204484	1.0	0.0	1.0	0.0	0.0	255	0	0	
760	1.2639E-4	4.974E-5	0.0	0.71760718	0.28239282	0.0	2.54116654	1.0	0.0	1.0	0.0	0.0	255	0	0	
761	1.181E-4	4.649E-5	0.0	0.7175362	0.2824638	0.0	2.54027661	1.0	0.0	1.0	0.0	0.0	255	0	0	
762	1.1037E-4	4.346E-5	0.0	0.71746168	0.28253832	0.0	2.5393429	1.0	0.0	1.0	0.0	0.0	255	0	0	
763	1.0315E-4	4.064E-5	0.0	0.71739055	0.28260945	0.0	2.53845207	1.0	0.0	1.0	0.0	0.0	255	0	0	
764	9.643E-5	3.8E-5	0.0	0.71731869	0.28268131	0.0	2.53755263	1.0	0.0	1.0	0.0	0.0	255	0	0	
765	9.015E-5	3.554E-5	0.0	0.71724023	0.28275977	0.0	2.53657095	1.0	0.0	1.0	0.0	0.0	255	0	0	
766	8.429E-5	3.324E-5	0.0	0.71715893	0.28284107	0.0	2.53555443	1.0	0.0	1.0	0.0	0.0	255	0	0	
767	7.883E-5	3.11E-5	0.0	0.71708878	0.28291122	0.0	2.53467779	1.0	0.0	1.0	0.0	0.0	255	0	0	
768	7.373E-5	2.91E-5	0.0	0.71701288	0.28298712	0.0	2.53372968	1.0	0.0	1.0	0.0	0.0	255	0	0	
769	6.897E-5	2.723E-5	0.0	0.71693571	0.28306429	0.0	2.53276633	1.0	0.0	1.0	0.0	0.0	255	0	0	
770	6.453E-5	2.549E-5	0.0	0.71685935	0.28314065	0.0	2.53181354	1.0	0.0	1.0	0.0	0.0	255	0	0	
771	6.038E-5	2.386E-5	0.0	0.71678137	0.28321863	0.0	2.53084117	1.0	0.0	1.0	0.0	0.0	255	0	0	
772	5.65E-5	2.233E-5	0.0	0.71670311	0.28329689	0.0	2.52986585	1.0	0.0	1.0	0.0	0.0	255	0	0	
773	5.288E-5	2.091E-5	0.0	0.71662438	0.28337562	0.0	2.52888515	1.0	0.0	1.0	0.0	0.0	255	0	0	
774	4.95E-5	1.958E-5	0.0	0.716544	0.283456	0.0	2.52788446	1.0	0.0	1.0	0.0	0.0	255	0	0	
775	4.634E-5	1.834E-5	0.0	0.71646356	0.28353644	0.0	2.52688348	1.0	0.0	1.0	0.0	0.0	255	0	0	
776	4.339E-5	1.718E-5	0.0	0.71638376	0.28361624	0.0	2.52589113	1.0	0.0	1.0	0.0	0.0	255	0	0	
777	4.063E-5	1.609E-5	0.0	0.71630288	0.28369712	0.0	2.52488598	1.0	0.0	1.0	0.0	0.0	255	0	0	
778	3.806E-5	1.508E-5	0.0	0.7162213	0.2837787	0.0	2.52387268	1.0	0.0	1.0	0.0	0.0	255	0	0	
779	3.566E-5	1.413E-5	0.0	0.71613919	0.28386081	0.0	2.52285334	1.0	0.0	1.0	0.0	0.0	255	0	0	
780	3.341E-5	1.325E-5	0.0	0.71605655	0.28394345	0.0	2.52182806	1.0	0.0	1.0	0.0	0.0	255	0	0	
781	3.132E-5	1.242E-5	0.0	0.71597436	0.28402564	0.0	2.52080885	1.0	0.0	1.0	0.0	0.0	255	0	0	
782	2.936E-5	1.165E-5	0.0	0.71589005	0.28410995	0.0	2.51976412	1.0	0.0	1.0	0.0	0.0	255	0	0	
783	2.752E-5	1.093E-5	0.0	0.7158071	0.2841929	0.0	2.51873679	1.0	0.0	1.0	0.0	0.0	255	0	0	
784	2.581E-5	1.025E-5	0.0	0.7157217	0.2842783	0.0	2.51767965	1.0	0.0	1.0	0.0	0.0	255	0	0	
785	2.421E-5	9.62E-6	0.0	0.71563706	0.28436294	0.0	2.51663271	1.0	0.0	1.0	0.0	0.0	255	0	0	
786	2.271E-5	9.03E-6	0.0	0.71555274	0.28444726	0.0	2.51559021	1.0	0.0	1.0	0.0	0.0	255	0	0	
787	2.131E-5	8.47E-6	0.0	0.71546572	0.28453428	0.0	2.51451499	1.0	0.0	1.0	0.0	0.0	255	0	0	
788	1.999E-5	7.95E-6	0.0	0.71537955	0.28462045	0.0	2.513451	1.0	0.0	1.0	0.0	0.0	255	0	0	
789	1.876E-5	7.47E-6	0.0	0.71529318	0.28470682	0.0	2.51238519	1.0	0.0	1.0	0.0	0.0	255	0	0	
790	1.761E-5	7.01E-6	0.0	0.71520815	0.28479185	0.0	2.51133641	1.0	0.0	1.0	0.0	0.0	255	0	0	
791	1.653E-5	6.59E-6	0.0	0.71511995	0.28488005	0.0	2.51024932	1.0	0.0	1.0	0.0	0.0	255	0	0	
792	1.552E-5	6.19E-6	0.0	0.71503269	0.28496731	0.0	2.50917439	1.0	0.0	1.0	0.0	0.0	255	0	0	
793	1.457E-5	5.81E-6	0.0	0.71494798	0.28505202	0.0	2.50813155	1.0	0.0	1.0	0.0	0.0	255	0	0	
794	1.369E-5	5.46E-6	0.0	0.71486028	0.28513972	0.0	2.50705257	1.0	0.0	1.0	0.0	0.0	255	0	0	
795	1.286E-5	5.13E-6	0.0	0.71477025	0.28522975	0.0	2.50594565	1.0	0.0	1.0	0.0	0.0	255	0	0	
796	1.208E-5	4.82E-6	0.0	0.71468311	0.28531689	0.0	2.50487491	1.0	0.0	1.0	0.0	0.0	255	0	0	
797	1.135E-5	4.53E-6	0.0	0.71459165	0.28540835	0.0	2.50375177	1.0	0.0	1.0	0.0	0.0	255	0	0	
798	1.066E-5	4.26E-6	0.0	0.71450118	0.28549882	0.0	2.5026414	1.0	0.0	1.0	0.0	0.0	255	0	0	
799	1.002E-5	4.0E-6	0.0	0.71441817	0.28558183	0.0	2.5016233	1.0	0.0	1.0	0.0	0.0	255	0	0	
800	9.41E-6	3.76E-6	0.0	0.71432485	0.28567515	0.0	2.50047945	1.0	0.0	1.0	0.0	0.0	255	0	0	
801	8.85E-6	3.54E-6	0.0	0.71423728	0.28576272	0.0	2.49940678	1.0	0.0	1.0	0.0	0.0	255	0	0	
802	8.32E-6	3.33E-6	0.0	0.71414465	0.28585535	0.0	2.49827283	1.0	0.0	1.0	0.0	0.0	255	0	0	
803	7.82E-6	3.13E-6	0.0	0.71405415	0.28594585	0.0	2.49716558	1.0	0.0	1.0	0.0	0.0	255	0	0	
804	7.35E-6	2.95E-6	0.0	0.71396315	0.28603685	0.0	2.49605302	1.0	0.0	1.0	0.0	0.0	255	0	0	
805	6.91E-6	2.77E-6	0.0	0.71387192	0.28612808	0.0	2.4949383	1.0	0.0	1.0	0.0	0.0	255	0	0	
806	6.5E-6	2.61E-6	0.0	0.71377991	0.28622009	0.0	2.49381485	1.0	0.0	1.0	0.0	0.0	255	0	0	
807	6.12E-6	2.45E-6	0.0	0.71368802	0.28631198	0.0	2.49269349	1.0	0.0	1.0	0.0	0.0	255	0	0	
808	5.75E-6	2.31E-6	0.0	0.7135964	0.2864036	0.0	2.49157622	1.0	0.0	1.0	0.0	0.0	255	0	0	
809	5.41E-6	2.17E-6	0.0	0.71350421	0.28649579	0.0	2.49045266	1.0	0.0	1.0	0.0	0.0	255	0	0	
810	5.09E-6	2.05E-6	0.0	0.71341112	0.28658888	0.0	2.48931886	1.0	0.0	1.0	0.0	0.0	255	0	0	
811	4.79E-6	1.93E-6	0.0	0.71331851	0.28668149	0.0	2.48819176	1.0	0.0	1.0	0.0	0.0	255	0	0	
812	4.51E-6	1.81E-6	0.0	0.71322449	0.28677551	0.0	2.48704806	1.0	0.0	1.0	0.0	0.0	255	0	0	
813	4.25E-6	1.71E-6	0.0	0.71312507	0.28687493	0.0	2.48583967	1.0	0.0	1.0	0.0	0.0	255	0	0	
814	4.0E-6	1.61E-6	0.0	0.71303796	0.28696204	0.0	2.48478147	1.0	0.0	1.0	0.0	0.0	255	0	0	
815	3.77E-6	1.52E-6	0.0	0.71294335	0.28705665	0.0	2.48363298	1.0	0.0	1.0	0.0	0.0	255	0	0	
816	3.55E-6	1.43E-6	0.0	0.71284917	0.28715083	0.0	2.48249033	1.0	0.0	1.0	0.0	0.0	255	0	0	
817	3.34E-6	1.35E-6	0.0	0.71275933	0.28724067	0.0	2.48140118	1.0	0.0	1.0	0.0	0.0	255	0	0	
818	3.15E-6	1.27E-6	0.0	0.71266085	0.28733915	0.0	2.48020796	1.0	0.0	1.0	0.0	0.0	255	0	0	
819	2.97E-6	1.2E-6	0.0	0.71256654	0.28743346	0.0	2.47906604	1.0	0.0	1.0	0.0	0.0	255	0	0	
820	2.8E-6	1.13E-6	0.0	0.71247133	0.28752867	0.0	2.477914	1.0	0.0	1.0	0.0	0.0	255	0	0	
821	2.63E-6	1.06E-6	0.0	0.71237744	0.28762256	0.0	2.47677873	1.0	0.0	1.0	0.0	0.0	255	0	0	
822	2.48E-6	1.0E-6	0.0	0.71228413	0.28771587	0.0	2.47565121	1.0	0.0	1.0	0.0	0.0	255	0	0	
823	2.34E-6	9.5E-7	0.0	0.71218693	0.28781307	0.0	2.47447739	1.0	0.0	1.0	0.0	0.0	255	0	0	
824	2.21E-6	8.9E-7	0.0	0.71209477	0.28790523	0.0	2.47336522	1.0	0.0	1.0	0.0	0.0	255	0	0	
825	2.08E-6	8.4E-7	0.0	0.71199934	0.28800066	0.0	2.47221431	1.0	0.0	1.0	0.0	0.0	255	0	0	
826	1.96E-6	7.9E-7	0.0	0.71190324	0.28809676	0.0	2.47105608	1.0	0.0	1.0	0.0	0.0	255	0	0	
827	1.85E-6	7.5E-7	0.0	0.71180929	0.28819071	0.0	2.46992451	1.0	0.0	1.0	0.0	0.0	255	0	0	
828	1.75E-6	7.1E-7	0.0	0.71171259	0.28828741	0.0	2.4687606	1.0	0.0	1.0	0.0	0.0	255	0	0	
829	1.65E-6	6.7E-7	0.0	0.71161939	0.28838061	0.0	2.46763948	1.0	0.0	1.0	0.0	0.0	255	0	0	
830	1.55E-6	6.3E-7	0.0	0.7115226	0.2884774	0.0	2.4664761	1.0	0.0	1.0	0.0	0.0	255	0	0	
