CIE 1931 2度观察者（D50）与sRGB（Gamma编码/D65）

波长	刺激值X	刺激值Y	刺激值Z	归一化值x	归一化值y	归一化值z	相对值X	相对值Y	相对值Z	红色	绿色	蓝色	红色-整型	绿色-整型	蓝色-整型	
360	1.299E-4	3.92E-6	6.061E-4	0.17556023	0.00529384	0.81914593	33.16313505	1.0	154.73576717	1.0	0.0	1.0	255	0	255	
361	1.4585E-4	4.39E-6	6.8088E-4	0.17548253	0.00528634	0.81923113	33.19547312	1.0	154.9713548	1.0	0.0	1.0	255	0	255	
362	1.638E-4	4.93E-6	7.6515E-4	0.17540002	0.00527864	0.81932134	33.22824714	1.0	155.21441479	1.0	0.0	1.0	255	0	255	
363	1.84E-4	5.53E-6	8.6001E-4	0.17531705	0.00527097	0.81941198	33.2608779	1.0	155.45756648	1.0	0.0	1.0	255	0	255	
364	2.0669E-4	6.21E-6	9.6659E-4	0.17523674	0.00526349	0.81949977	33.29285491	1.0	155.69501526	1.0	0.0	1.0	255	0	255	
365	2.321E-4	6.97E-6	0.001086	0.17516122	0.00525635	0.81958244	33.32376167	1.0	155.92246949	1.0	0.0	1.0	255	0	255	
366	2.6073E-4	7.81E-6	0.00122059	0.17508779	0.00524684	0.81966536	33.37011288	1.0	156.2206307	1.0	0.0	1.0	255	0	255	
367	2.9308E-4	8.77E-6	0.00137273	0.17501494	0.00523557	0.81974949	33.42805614	1.0	156.57310271	1.0	0.0	1.0	255	0	255	
368	3.2939E-4	9.84E-6	0.00154358	0.17494519	0.00522616	0.81982865	33.47492094	1.0	156.87027152	1.0	0.0	1.0	255	0	255	
369	3.6991E-4	1.104E-5	0.00173429	0.17488012	0.00522078	0.81989909	33.49690263	1.0	157.04517609	1.0	0.0	1.0	255	0	255	
370	4.149E-4	1.239E-5	0.001946	0.17482061	0.0052206	0.81995879	33.48668281	1.0	157.06214689	1.0	0.0	1.0	255	0	255	
371	4.6416E-4	1.389E-5	0.00217778	0.17477025	0.00522867	0.82000108	33.42539216	1.0	156.82793465	1.0	0.0	1.0	255	0	255	
372	5.1899E-4	1.556E-5	0.00243581	0.17472204	0.00523752	0.82004044	33.35968755	1.0	156.57036449	1.0	0.0	1.0	255	0	255	
373	5.8185E-4	1.744E-5	0.00273195	0.17466537	0.00523617	0.82009846	33.35744998	1.0	156.62173938	1.0	0.0	1.0	255	0	255	
374	6.5523E-4	1.958E-5	0.00307806	0.17459505	0.00521832	0.82018663	33.45808132	1.0	157.17439203	1.0	0.0	1.0	255	0	255	
375	7.416E-4	2.202E-5	0.003486	0.17450972	0.00518164	0.82030864	33.67847411	1.0	158.3106267	1.0	0.0	1.0	255	0	255	
376	8.4503E-4	2.484E-5	0.00397523	0.17440925	0.00512676	0.82046399	34.01938433	1.0	160.035548	1.0	0.0	1.0	255	0	255	
377	9.6453E-4	2.804E-5	0.00454088	0.17430846	0.00506759	0.82062395	34.39669972	1.0	161.93566195	1.0	0.0	1.0	255	0	255	
378	0.00109495	3.153E-5	0.00515832	0.17422177	0.00501703	0.8207612	34.72611081	1.0	163.59519203	1.0	0.0	1.0	255	0	255	
379	0.00123115	3.522E-5	0.00580291	0.17415559	0.00498144	0.82086296	34.96085924	1.0	164.78410891	1.0	0.0	1.0	255	0	255	
380	0.001368	3.9E-5	0.00645	0.17411223	0.00496373	0.82092404	35.07692308	1.0	165.38464103	1.0	0.0	1.0	255	0	255	
381	0.00150205	4.283E-5	0.00708322	0.17408831	0.0049636	0.82094809	35.07299236	1.0	165.3936824	1.0	0.0	1.0	255	0	255	
382	0.00164233	4.691E-5	0.00774549	0.17407259	0.00497254	0.82095487	35.00675696	1.0	165.09760288	1.0	0.0	1.0	255	0	255	
383	0.00180238	5.159E-5	0.00850115	0.17405702	0.00498204	0.82096094	34.93692527	1.0	164.78422008	1.0	0.0	1.0	255	0	255	
384	0.00199576	5.718E-5	0.00941454	0.17403627	0.00498596	0.82097777	34.90525811	1.0	164.65786583	1.0	0.0	1.0	255	0	255	
385	0.002236	6.4E-5	0.01054999	0.17400792	0.00498055	0.82101153	34.9375	1.0	164.84359375	1.0	0.0	1.0	255	0	255	
386	0.00253539	7.234E-5	0.0119658	0.17397193	0.00496408	0.82106399	35.04613569	1.0	165.40093533	1.0	0.0	1.0	255	0	255	
387	0.0028926	8.221E-5	0.01365587	0.17393168	0.00494341	0.82112491	35.18457835	1.0	166.10507146	1.0	0.0	1.0	255	0	255	
388	0.00330083	9.351E-5	0.01558805	0.17388904	0.00492605	0.82118492	35.29990324	1.0	166.70256371	1.0	0.0	1.0	255	0	255	
389	0.00375324	1.0614E-4	0.01773015	0.17384526	0.00491609	0.82123865	35.3624827	1.0	167.05107876	1.0	0.0	1.0	255	0	255	
390	0.004243	1.2E-4	0.02005001	0.17380077	0.00491541	0.82128382	35.35833333	1.0	167.08341667	1.0	0.0	1.0	255	0	255	
391	0.00476239	1.3498E-4	0.02251136	0.17375444	0.00492485	0.82132071	35.28113702	1.0	166.77058022	1.0	0.0	1.0	255	0	255	
392	0.00533005	1.5149E-4	0.02520288	0.17370535	0.0049371	0.82135755	35.18369287	1.0	166.36442848	1.0	0.0	1.0	255	0	255	
393	0.00597871	1.7021E-4	0.02827972	0.17365519	0.00494379	0.82140102	35.12591653	1.0	166.14800714	1.0	0.0	1.0	255	0	255	
394	0.00674112	1.9182E-4	0.03189704	0.17360602	0.0049399	0.82145409	35.14366372	1.0	166.2897777	1.0	0.0	1.0	255	0	255	
395	0.00765	2.17E-4	0.03621	0.17355991	0.0049232	0.82151689	35.25345622	1.0	166.86635945	1.0	0.0	1.0	255	0	255	
396	0.00875137	2.4691E-4	0.04143771	0.17351445	0.00489545	0.8215901	35.4440483	1.0	167.82740201	1.0	0.0	1.0	255	0	255	
397	0.01002888	2.8124E-4	0.04750372	0.1734685	0.00486458	0.82166692	35.65950789	1.0	168.90812118	1.0	0.0	1.0	255	0	255	
398	0.0114217	3.1852E-4	0.05411988	0.17342367	0.00483631	0.82174002	35.8586588	1.0	169.91046088	1.0	0.0	1.0	255	0	255	
399	0.01286901	3.5727E-4	0.06099803	0.17338	0.00481334	0.82180667	36.02073745	1.0	170.73527983	1.0	0.0	1.0	255	0	255	
400	0.01431	3.96E-4	0.06785001	0.17333687	0.00479674	0.82186639	36.13636364	1.0	171.33840909	1.0	0.0	1.0	255	0	255	
401	0.01570443	4.3371E-4	0.07448632	0.17329129	0.00478585	0.82192287	36.20912549	1.0	171.74036296	1.0	0.0	1.0	255	0	255	
402	0.01714744	4.7302E-4	0.08136156	0.17323792	0.00477889	0.82198319	36.2506765	1.0	172.00302733	1.0	0.0	1.0	255	0	255	
403	0.01878122	5.1788E-4	0.08915364	0.17317424	0.00477513	0.82205063	36.26586287	1.0	172.15248438	1.0	0.0	1.0	255	0	255	
404	0.02074801	5.7222E-4	0.09854048	0.17310101	0.00477403	0.82212496	36.25888144	1.0	172.20772407	1.0	0.0	1.0	255	0	255	
405	0.02319	6.4E-4	0.1102	0.17302097	0.00477505	0.82220398	36.234375	1.0	172.1875	1.0	0.0	1.0	255	0	255	
406	0.02620736	7.2456E-4	0.1246133	0.17293426	0.00478115	0.8222846	36.17003423	1.0	171.98479077	1.0	0.0	1.0	255	0	255	
407	0.02978248	8.255E-4	0.1417017	0.17284276	0.00479079	0.82236645	36.07811024	1.0	171.65560267	1.0	0.0	1.0	255	0	255	
408	0.03388092	9.4116E-4	0.1613035	0.17275115	0.00479876	0.82245009	35.99910748	1.0	171.38796804	1.0	0.0	1.0	255	0	255	
409	0.03846824	0.00106988	0.1832568	0.17266211	0.00480208	0.82253581	35.95565858	1.0	171.28724717	1.0	0.0	1.0	255	0	255	
410	0.04351	0.00121	0.2074	0.17257655	0.0047993	0.82262415	35.95867769	1.0	171.40495868	1.0	0.0	1.0	255	0	255	
411	0.0489956	0.00136209	0.2336921	0.17248948	0.00479525	0.82271527	35.97087126	1.0	171.56863969	1.0	0.0	1.0	255	0	255	
412	0.0550226	0.00153075	0.2626114	0.1723956	0.00479612	0.82280828	35.94481667	1.0	171.55711702	1.0	0.0	1.0	255	0	255	
413	0.0617188	0.00172037	0.2947746	0.172296	0.00480263	0.82290137	35.8753476	1.0	171.34392177	1.0	0.0	1.0	255	0	255	
414	0.069212	0.00193532	0.3307985	0.17219236	0.00481489	0.82299275	35.76250579	1.0	170.9267652	1.0	0.0	1.0	255	0	255	
415	0.07763	0.00218	0.3713	0.17208663	0.00483252	0.82308085	35.61009174	1.0	170.32110092	1.0	0.0	1.0	255	0	255	
416	0.08695811	0.0024548	0.4162091	0.17198245	0.00485501	0.82316254	35.42370458	1.0	169.5490875	1.0	0.0	1.0	255	0	255	
417	0.09717672	0.002764	0.4654642	0.17187102	0.00488853	0.82324045	35.15800289	1.0	168.40238784	1.0	0.0	1.0	255	0	255	
418	0.1084063	0.0031178	0.5196948	0.17174121	0.00493933	0.82331945	34.77012637	1.0	166.68638142	1.0	0.0	1.0	255	0	255	
419	0.1207672	0.0035264	0.5795303	0.17158724	0.00501034	0.82340242	34.2465971	1.0	164.34048888	1.0	0.0	1.0	255	0	255	
420	0.13438	0.004	0.6456	0.17140743	0.00510217	0.8234904	33.595	1.0	161.4	1.0	0.0	1.0	255	0	255	
421	0.1493582	0.00454624	0.7184838	0.17120611	0.00521126	0.82358263	32.85312698	1.0	158.03912684	1.0	0.0	1.0	255	0	255	
422	0.1653957	0.00515932	0.7967133	0.17099257	0.00533391	0.82367352	32.05765488	1.0	154.42215253	1.0	0.0	1.0	255	0	255	
423	0.1819831	0.00582928	0.8778459	0.1707706	0.00547012	0.82375928	31.21879546	1.0	150.59250885	1.0	0.0	1.0	255	0	255	
424	0.198611	0.00654616	0.959439	0.17054066	0.00562097	0.82383837	30.34007724	1.0	146.56516187	1.0	0.0	1.0	255	0	255	
425	0.21477	0.0073	1.0390501	0.17030099	0.0057885	0.82391051	29.42054795	1.0	142.33563014	1.0	0.0	1.0	255	0	255	
426	0.2301868	0.00808651	1.1153673	0.17005016	0.0059739	0.82397595	28.46554143	1.0	137.92942985	1.0	0.0	1.0	255	0	255	
427	0.2448797	0.00890872	1.1884971	0.16978587	0.00617681	0.82403732	27.48764132	1.0	133.40828986	1.0	0.0	1.0	255	0	255	
428	0.2587773	0.00976768	1.2581233	0.1695046	0.00639804	0.82409736	26.4932205	1.0	128.80472128	1.0	0.0	1.0	255	0	255	
429	0.2718079	0.01066443	1.3239296	0.16920292	0.00663871	0.82415837	25.487335	1.0	124.14443154	1.0	0.0	1.0	255	0	255	
430	0.2839	0.0116	1.3856	0.16887752	0.00690024	0.82422224	24.47413793	1.0	119.44827586	1.0	0.0	1.0	255	0	255	
431	0.2949438	0.01257317	1.4426352	0.16852466	0.00718404	0.8242913	23.45818914	1.0	114.73917874	1.0	0.0	1.0	255	0	255	
432	0.3048965	0.01358272	1.4948035	0.16814615	0.00749068	0.82436317	22.44738167	1.0	110.05185265	1.0	0.0	1.0	255	0	255	
433	0.3137873	0.01462968	1.5421903	0.16774622	0.00782082	0.82443296	21.4486783	1.0	105.41517655	1.0	0.0	1.0	255	0	255	
434	0.3216454	0.01571509	1.5848807	0.16732833	0.0081754	0.82449627	20.46729608	1.0	100.85088281	1.0	0.0	1.0	255	0	255	
435	0.3285	0.01684	1.62296	0.16689529	0.00855561	0.8245491	19.50712589	1.0	96.37529691	1.0	0.0	1.0	255	0	255	
436	0.3343513	0.01800736	1.6564048	0.16644633	0.0089644	0.82458927	18.56748019	1.0	91.98487729	1.0	0.0	1.0	255	0	255	
437	0.3392101	0.01921448	1.6852959	0.16597676	0.00940172	0.82462153	17.65387874	1.0	87.70968041	1.0	0.0	1.0	255	0	255	
438	0.3431213	0.02045392	1.7098745	0.1654833	0.00986468	0.82465202	16.77533206	1.0	83.59642064	1.0	0.0	1.0	255	0	255	
439	0.3461296	0.02171824	1.7303821	0.16496266	0.01035074	0.82468659	15.93727669	1.0	79.67414026	1.0	0.0	1.0	255	0	255	
440	0.34828	0.023	1.74706	0.16441176	0.01085756	0.82473069	15.1426087	1.0	75.95913043	1.0	0.0	1.0	255	0	255	
441	0.3495999	0.02429461	1.7600446	0.16382843	0.01138487	0.8247867	14.39001902	1.0	72.4458882	1.0	0.0	1.0	255	0	255	
442	0.3501474	0.02561024	1.7696233	0.1632099	0.01193739	0.82485272	13.67216395	1.0	69.09827085	1.0	0.0	1.0	255	0	255	
443	0.350013	0.02695857	1.7762637	0.16255214	0.01252003	0.82492783	12.9833667	1.0	65.88864691	1.0	0.0	1.0	255	0	255	
444	0.349287	0.02835125	1.7804334	0.16185144	0.01313731	0.82501125	12.31998589	1.0	62.79911468	1.0	0.0	1.0	255	0	255	
445	0.34806	0.0298	1.7826	0.16110458	0.01379336	0.82510206	11.67986577	1.0	59.81879195	1.0	0.0	1.0	255	0	255	
446	0.3463733	0.03131083	1.7829682	0.1603096	0.01449138	0.82519903	11.06241195	1.0	56.94413722	1.0	0.0	1.0	255	0	255	
447	0.3442624	0.03288368	1.7816998	0.15946595	0.01523206	0.82530199	10.46909592	1.0	54.18188597	1.0	0.0	1.0	255	0	255	
448	0.3418088	0.03452112	1.7791982	0.15857311	0.01601516	0.82541173	9.90144005	1.0	51.53941124	1.0	0.0	1.0	255	0	255	
449	0.3390941	0.03622571	1.7758671	0.15763117	0.01683987	0.82552896	9.36059224	1.0	49.02228555	1.0	0.0	1.0	255	0	255	
450	0.3362	0.038	1.77211	0.15664093	0.0177048	0.82565426	8.84736842	1.0	46.63447368	1.0	0.0	1.0	255	0	255	
451	0.3331977	0.03984667	1.7682589	0.1556051	0.01860861	0.8257863	8.36199612	1.0	44.37657902	1.0	0.0	1.0	255	0	255	
452	0.3300411	0.041768	1.764039	0.15452461	0.0195557	0.82591969	7.9017693	1.0	42.23422237	1.0	0.0	1.0	255	0	255	
453	0.3266357	0.043766	1.7589438	0.15339723	0.02055373	0.82604904	7.46322945	1.0	40.18973176	1.0	0.0	1.0	255	0	255	
454	0.3228868	0.04584267	1.7524663	0.15221924	0.02161171	0.82616905	7.04336811	1.0	38.227841	1.0	0.0	1.0	255	0	255	
455	0.3187	0.048	1.7441	0.15098541	0.02274019	0.8262744	6.63958333	1.0	36.33541667	1.0	0.0	1.0	255	0	255	
456	0.3140251	0.05024368	1.7335595	0.14969056	0.02395033	0.82635911	6.2500418	1.0	34.503036	1.0	0.0	1.0	255	0	255	
457	0.308884	0.05257304	1.7208581	0.14833682	0.0252474	0.82641578	5.87533078	1.0	32.73271053	0.87378969	0.0	1.0	223	0	255	
458	0.3032904	0.05498056	1.7059369	0.14692823	0.02663519	0.82643659	5.51632068	1.0	31.02800153	0.69984146	0.0	1.0	178	0	255	
459	0.2972579	0.05745872	1.6887372	0.14546837	0.02811843	0.82641319	5.17341667	1.0	29.39044239	0.45717104	0.0	1.0	117	0	255	
460	0.2908	0.06	1.6692	0.1439604	0.02970297	0.82633663	4.84666667	1.0	27.82	0.0	0.0	1.0	0	0	255	
461	0.2839701	0.06260197	1.6475287	0.14240509	0.03139358	0.82620133	4.53612083	1.0	26.31752164	0.0	0.0	1.0	0	0	255	
462	0.2767214	0.06527752	1.6234127	0.14079565	0.03321315	0.8259912	4.23915308	1.0	24.86939914	0.0	0.0	1.0	0	0	255	
463	0.2689178	0.06804208	1.5960223	0.13912068	0.03520057	0.82567874	3.9522278	1.0	23.4564008	0.0	0.0	1.0	0	0	255	
464	0.2604227	0.07091109	1.564528	0.13736376	0.03740309	0.82523315	3.67252428	1.0	22.0632344	0.0	0.0	1.0	0	0	255	
465	0.2511	0.0739	1.5281	0.13550267	0.03987912	0.82461821	3.39783491	1.0	20.67794317	0.0	0.0	1.0	0	0	255	
466	0.2408475	0.077016	1.4861114	0.13350934	0.04269239	0.82379827	3.12723979	1.0	19.29613846	0.0	0.0	1.0	0	0	255	
467	0.2298512	0.0802664	1.4395215	0.13137064	0.04587598	0.82275339	2.8636042	1.0	17.93429754	0.0	0.0	1.0	0	0	255	
468	0.2184072	0.0836668	1.3898799	0.12908579	0.04944981	0.8214644	2.61044046	1.0	16.61208389	0.0	0.0	1.0	0	0	255	
469	0.2068115	0.0872328	1.3387362	0.12666216	0.05342592	0.81991192	2.37079975	1.0	15.34670674	0.0	0.36410423	1.0	0	93	255	
470	0.19536	0.09098	1.28764	0.12411848	0.05780251	0.81807901	2.14728512	1.0	14.15300066	0.0	0.57298109	1.0	0	146	255	
471	0.1842136	0.09491755	1.2374223	0.12146858	0.06258767	0.81594374	1.94077491	1.0	13.03681248	0.0	0.70329622	1.0	0	179	255	
472	0.1733273	0.09904584	1.1878243	0.11870128	0.06783044	0.81346828	1.74997052	1.0	11.99267228	0.0	0.80040606	1.0	0	204	255	
473	0.1626881	0.1033674	1.1387611	0.11580736	0.07358071	0.81061193	1.57388209	1.0	11.01663677	0.0	0.87780796	1.0	0	224	255	
474	0.1522833	0.1078846	1.090148	0.11277605	0.07989582	0.80732812	1.41153881	1.0	10.10476009	0.0	0.9417623	1.0	0	240	255	
475	0.1421	0.1126	1.0419	0.10959432	0.08684251	0.80356317	1.26198934	1.0	9.25310835	0.0	0.9958025	1.0	0	254	255	
476	0.1321786	0.117532	0.9941976	0.10626074	0.09448607	0.79925319	1.12461798	1.0	8.45895246	0.0	1.0	1.0	0	255	255	
477	0.1225696	0.1226744	0.9473473	0.10277586	0.10286374	0.7943604	0.99914571	1.0	7.7224531	0.0	1.0	1.0	0	255	255	
478	0.1132752	0.1279928	0.9014531	0.0991276	0.11200703	0.78886537	0.88501228	1.0	7.04299851	0.0	1.0	1.0	0	255	255	
479	0.1042979	0.1334528	0.8566193	0.09530406	0.12194486	0.78275108	0.781534	1.0	6.41889342	0.0	1.0	1.0	0	255	255	
480	0.09564	0.13902	0.8129501	0.09129351	0.13270204	0.77600445	0.68795857	1.0	5.84772047	0.0	1.0	1.0	0	255	255	
481	0.08729955	0.1446764	0.7705173	0.08708243	0.14431658	0.76860099	0.60341251	1.0	5.32579813	0.0	1.0	1.0	0	255	255	
482	0.07930804	0.1504693	0.7294448	0.08267953	0.15686596	0.76045451	0.52707124	1.0	4.84779819	0.0	1.0	1.0	0	255	255	
483	0.07171776	0.1564619	0.6899136	0.07811599	0.17042049	0.75146353	0.45837204	1.0	4.4094671	0.0	1.0	1.0	0	255	255	
484	0.06458099	0.1627177	0.6521049	0.07343726	0.18503188	0.74153086	0.39688977	1.0	4.0075843	0.0	1.0	1.0	0	255	255	
485	0.05795001	0.1693	0.6162	0.06870592	0.20072322	0.73057086	0.34229185	1.0	3.63969285	0.0	1.0	1.0	0	255	255	
486	0.05186211	0.1762431	0.5823286	0.06399302	0.21746761	0.71853937	0.29426463	1.0	3.30412141	0.0	1.0	1.0	0	255	255	
487	0.04628152	0.1835581	0.5504162	0.05931583	0.23525374	0.70543043	0.25213554	1.0	2.99859391	0.0	1.0	1.0	0	255	255	
488	0.04115088	0.1912735	0.5203376	0.05466652	0.25409559	0.69123789	0.21514156	1.0	2.72038521	0.0	1.0	1.0	0	255	255	
489	0.03641283	0.199418	0.4919673	0.0500315	0.2740018	0.6759667	0.1825955	1.0	2.46701552	0.0	1.0	1.0	0	255	255	
490	0.03201	0.20802	0.46518	0.04539073	0.29497596	0.6596333	0.15387943	1.0	2.23622729	0.0	1.0	1.0	0	255	255	
491	0.0279172	0.2171199	0.4399246	0.04075732	0.31698108	0.6422616	0.12857965	1.0	2.02618277	0.0	1.0	1.0	0	255	255	
492	0.0241444	0.2267345	0.4161836	0.03619511	0.33989993	0.62390496	0.10648754	1.0	1.8355548	0.0	1.0	1.0	0	255	255	
493	0.020687	0.2368571	0.3938822	0.03175647	0.36359769	0.60464584	0.08733958	1.0	1.66295289	0.0	1.0	1.0	0	255	255	
494	0.0175404	0.2474812	0.3729459	0.02749419	0.38792133	0.58458448	0.07087569	1.0	1.50696659	0.0	1.0	1.0	0	255	255	
495	0.0147	0.2586	0.3533	0.02345994	0.41270348	0.56383658	0.05684455	1.0	1.36620263	0.0	1.0	1.0	0	255	255	
496	0.01216179	0.2701849	0.3348578	0.01970464	0.43775589	0.54253948	0.04501284	1.0	1.23936534	0.0	1.0	1.0	0	255	255	
497	0.00991996	0.2822939	0.3175521	0.01626847	0.46295451	0.52077702	0.03514054	1.0	1.12489891	0.0	1.0	1.0	0	255	255	
498	0.00796724	0.2950505	0.3013375	0.01318304	0.48820707	0.49860989	0.02700297	1.0	1.02130822	0.0	1.0	1.0	0	255	255	
499	0.00629635	0.308578	0.2861686	0.0104757	0.51340425	0.47612005	0.02040439	1.0	0.92737849	0.0	1.0	1.0	0	255	255	
500	0.0049	0.323	0.272	0.00816803	0.53842307	0.4534089	0.01517028	1.0	0.84210526	0.0	1.0	0.98005798	0	255	250	
501	0.00377717	0.3384021	0.2588171	0.00628485	0.56306846	0.43064669	0.01116179	1.0	0.7648212	0.0	1.0	0.92916697	0	255	237	
502	0.00294532	0.3546858	0.2464838	0.00487543	0.58711644	0.40800813	0.00830403	1.0	0.69493563	0.0	1.0	0.87977385	0	255	224	
503	0.00242488	0.3716986	0.2347718	0.00398243	0.6104475	0.38557008	0.00652378	1.0	0.63161874	0.0	1.0	0.83166565	0	255	212	
504	0.00223629	0.3892875	0.2234533	0.00363638	0.63301138	0.36335223	0.00574458	1.0	0.57400584	0.0	1.0	0.78450761	0	255	200	
505	0.0024	0.4073	0.2123	0.00385852	0.65482315	0.34131833	0.00589246	1.0	0.52123742	0.0	1.0	0.73783898	0	255	188	
506	0.00292552	0.4256299	0.2011692	0.00464571	0.67589846	0.31945583	0.00687339	1.0	0.47263879	0.0	1.0	0.69120863	0	255	176	
507	0.00383656	0.4443096	0.1901196	0.00601091	0.69612006	0.29786903	0.00863488	1.0	0.42789892	0.0	1.0	0.64439292	0	255	164	
508	0.00517484	0.4633944	0.1792254	0.0079884	0.71534152	0.27667009	0.01116725	1.0	0.38676643	0.0	1.0	0.59715575	0	255	152	
509	0.00698208	0.4829395	0.1685608	0.01060329	0.73341294	0.25598377	0.01445746	1.0	0.34903088	0.0	1.0	0.54921936	0	255	140	
510	0.0093	0.503	0.1582	0.01387025	0.75018643	0.23594333	0.01848907	1.0	0.31451292	0.0	1.0	0.5002303	0	255	128	
511	0.01214949	0.5235693	0.1481383	0.01776612	0.76561215	0.21662172	0.02320512	1.0	0.28293924	0.0	1.0	0.44949484	0	255	115	
512	0.01553588	0.544512	0.1383758	0.02224421	0.77962992	0.19812587	0.02853175	1.0	0.2541281	0.0	1.0	0.39608605	0	255	101	
513	0.01947752	0.56569	0.1289942	0.02727326	0.7921035	0.18062323	0.03443144	1.0	0.22802984	0.0	1.0	0.33872905	0	255	86	
514	0.02399277	0.5869653	0.1200751	0.03282036	0.80292567	0.16425397	0.04087596	1.0	0.20456933	0.0	1.0	0.27486419	0	255	70	
515	0.0291	0.6082	0.1117	0.0388518	0.81201602	0.14913218	0.0478461	1.0	0.18365669	0.0	1.0	0.1981307	0	255	51	
516	0.03481485	0.6293456	0.1039048	0.04532798	0.8193908	0.13528121	0.05531913	1.0	0.16509975	0.0	1.0	0.07840506	0	255	20	
517	0.04112016	0.6503068	0.09666748	0.05217669	0.82516354	0.12265977	0.06323194	1.0	0.14864904	0.0	1.0	0.0	0	255	0	
518	0.04798504	0.6708752	0.08998272	0.05932553	0.82942578	0.11124869	0.07152603	1.0	0.13412736	0.0	1.0	0.0	0	255	0	
519	0.05537861	0.6908424	0.08384531	0.06671589	0.83227374	0.10101037	0.08016099	1.0	0.12136677	0.0	1.0	0.0	0	255	0	
520	0.06327	0.71	0.07824999	0.07430242	0.83380309	0.09189448	0.08911268	1.0	0.11021125	0.0	1.0	0.0	0	255	0	
521	0.07163501	0.7281852	0.07320899	0.0820534	0.83409031	0.08385629	0.09837471	1.0	0.10053622	0.0	1.0	0.0	0	255	0	
522	0.08046224	0.7454636	0.06867816	0.08994174	0.83328892	0.07676934	0.10793584	1.0	0.09212812	0.0	1.0	0.0	0	255	0	
523	0.08973996	0.7619694	0.06456784	0.09793975	0.83159267	0.07046758	0.11777371	1.0	0.0847381	0.0	1.0	0.0	0	255	0	
524	0.09945645	0.7778368	0.06078835	0.10602111	0.82917819	0.06480071	0.12786288	1.0	0.07815052	0.0	1.0	0.0	0	255	0	
525	0.1096	0.7932	0.05725001	0.11416072	0.82620696	0.05963232	0.13817448	1.0	0.07217601	0.0	1.0	0.0	0	255	0	
526	0.1201674	0.8081104	0.05390435	0.12234737	0.8227704	0.05488223	0.14870171	1.0	0.06670419	0.0	1.0	0.0	0	255	0	
527	0.1311145	0.8224962	0.05074664	0.13054567	0.81892785	0.05052648	0.15941046	1.0	0.06169833	0.0	1.0	0.0	0	255	0	
528	0.1423679	0.8363068	0.04775276	0.13870235	0.81477438	0.04652327	0.17023406	1.0	0.05709957	0.0	1.0	0.0	0	255	0	
529	0.1538542	0.8494916	0.04489859	0.14677322	0.81039461	0.04283218	0.18111327	1.0	0.05285348	0.0	1.0	0.0	0	255	0	
530	0.1655	0.862	0.04216	0.15472206	0.80586355	0.03941439	0.19199536	1.0	0.04890951	0.0	1.0	0.0	0	255	0	
531	0.1772571	0.8738108	0.03950728	0.16253542	0.80123848	0.03622609	0.20285524	1.0	0.04521262	0.0	1.0	0.0	0	255	0	
532	0.18914	0.8849624	0.03693564	0.1702372	0.79651854	0.03324426	0.21372659	1.0	0.04173696	0.0	1.0	0.0	0	255	0	
533	0.2011694	0.8954936	0.03445836	0.17784953	0.79168658	0.03046389	0.22464638	1.0	0.03847974	0.0	1.0	0.0	0	255	0	
534	0.2133658	0.9054432	0.03208872	0.18539076	0.78672777	0.02788147	0.23564791	1.0	0.03543979	0.0	1.0	0.0	0	255	0	
535	0.2257499	0.9148501	0.02984	0.1928761	0.78162922	0.02549469	0.24676163	1.0	0.03261737	0.0	1.0	0.0	0	255	0	
536	0.2383209	0.9237348	0.02771181	0.2003088	0.77639942	0.02329179	0.2579971	1.0	0.02999975	0.0	1.0	0.0	0	255	0	
537	0.2510668	0.9320924	0.02569444	0.20768999	0.7710548	0.02125521	0.26935827	1.0	0.02756641	0.0	1.0	0.0	0	255	0	
538	0.2639922	0.9399226	0.02378716	0.21502955	0.7655951	0.01937535	0.28086589	1.0	0.02530757	0.0	1.0	0.0	0	255	0	
539	0.2771017	0.9472252	0.02198925	0.2223366	0.76002	0.0176434	0.29254046	1.0	0.02321438	0.0	1.0	0.0	0	255	0	
540	0.2904	0.954	0.0203	0.22961967	0.75432909	0.01605124	0.30440252	1.0	0.02127883	0.0	1.0	0.0	0	255	0	
541	0.3038912	0.9602561	0.01871805	0.23688472	0.74852447	0.01459081	0.31646891	1.0	0.01949277	0.0	1.0	0.0	0	255	0	
542	0.3175726	0.9660074	0.01724036	0.24413256	0.74261399	0.01325345	0.32874759	1.0	0.01784703	0.0	1.0	0.0	0	255	0	
543	0.3314384	0.9712606	0.01586364	0.25136341	0.73660558	0.01203101	0.34124559	1.0	0.01633304	0.0	1.0	0.0	0	255	0	
544	0.3454828	0.9760225	0.01458461	0.25857751	0.7305066	0.01091589	0.35397012	1.0	0.0149429	0.0	1.0	0.0	0	255	0	
545	0.3597	0.9803	0.0134	0.26577508	0.72432392	0.00990099	0.36692849	1.0	0.01366928	0.0	1.0	0.0	0	255	0	
546	0.3740839	0.9840924	0.01230723	0.2729576	0.71806219	0.00898021	0.38013087	1.0	0.01250617	0.0	1.0	0.0	0	255	0	
547	0.3886396	0.9874182	0.01130188	0.28012894	0.71172473	0.00814632	0.39359169	1.0	0.01144589	0.0	1.0	0.0	0	255	0	
548	0.4033784	0.9903128	0.01037792	0.28729241	0.70531627	0.00739132	0.40732423	1.0	0.01047944	0.0	1.0	0.0	0	255	0	
549	0.4183115	0.9928116	0.00952931	0.29445028	0.69884202	0.0067077	0.42134026	1.0	0.0095983	0.0	1.0	0.0	0	255	0	
550	0.4334499	0.9949501	0.00875	0.3016038	0.69230776	0.00608844	0.43564989	1.0	0.00879441	0.0	1.0	0.0	0	255	0	
551	0.4487953	0.9967108	0.0080352	0.30875992	0.68571206	0.00552802	0.45027635	1.0	0.00806172	0.0	1.0	0.0	0	255	0	
552	0.464336	0.9980983	0.0073816	0.31591439	0.67906348	0.00502213	0.46522071	1.0	0.00739566	0.0	1.0	0.0	0	255	0	
553	0.480064	0.999112	0.0067854	0.32306627	0.6723674	0.00456634	0.48049068	1.0	0.00679143	0.0	1.0	0.0	0	255	0	
554	0.4959713	0.9997482	0.0062428	0.33021555	0.66562803	0.00415643	0.49609622	1.0	0.00624437	0.0	1.0	0.0	0	255	0	
555	0.5120501	1.0	0.00575	0.33736333	0.65884829	0.00378838	0.5120501	1.0	0.00575	0.0	1.0	0.0	0	255	0	
556	0.5282959	0.9998567	0.0053036	0.3445132	0.65202821	0.00345859	0.52837162	1.0	0.00530436	0.21021574	1.0	0.0	54	255	0	
557	0.5446916	0.9993046	0.0048998	0.35166441	0.64517217	0.00316341	0.54507064	1.0	0.00490321	0.32987997	1.0	0.0	84	255	0	
558	0.5612094	0.9983255	0.0045342	0.35881369	0.63828734	0.00289898	0.56215072	1.0	0.00454181	0.41363739	1.0	0.0	105	255	0	
559	0.5778215	0.9968987	0.0042024	0.36595936	0.63137908	0.00266156	0.57961907	1.0	0.00421547	0.48175353	1.0	0.0	123	255	0	
560	0.5945	0.995	0.0039	0.37310154	0.62445086	0.0024476	0.59748744	1.0	0.0039196	0.54072503	1.0	0.0	138	255	0	
561	0.6112209	0.9926005	0.0036232	0.38024384	0.61750215	0.00225401	0.61577734	1.0	0.00365021	0.59361904	1.0	0.0	151	255	0	
562	0.6279758	0.9897426	0.0033706	0.38737898	0.6105418	0.00207922	0.63448396	1.0	0.00340553	0.64209029	1.0	0.0	164	255	0	
563	0.6447602	0.9864444	0.0031414	0.39450655	0.60357134	0.00192211	0.65362042	1.0	0.00318457	0.68721126	1.0	0.0	175	255	0	
564	0.6615697	0.9827241	0.0029348	0.40162592	0.59659242	0.00178166	0.67319983	1.0	0.00298639	0.72970259	1.0	0.0	186	255	0	
565	0.6784	0.9786	0.00275	0.40873626	0.58960687	0.00165688	0.69323523	1.0	0.00281014	0.77007483	1.0	0.0	196	255	0	
566	0.6952392	0.9740837	0.0025852	0.41583577	0.58261797	0.00154626	0.71373661	1.0	0.00265398	0.80869943	1.0	0.0	206	255	0	
567	0.7120586	0.9691712	0.0024386	0.42292093	0.57563069	0.00144838	0.73470879	1.0	0.00251617	0.84585034	1.0	0.0	216	255	0	
568	0.7288284	0.9638568	0.0023094	0.42998863	0.56864889	0.00136248	0.75615838	1.0	0.002396	0.88174415	1.0	0.0	225	255	0	
569	0.7455188	0.9581349	0.0021968	0.43703642	0.56167577	0.0012878	0.77809377	1.0	0.00229279	0.91655632	1.0	0.0	234	255	0	
570	0.7621	0.952	0.0021	0.44406246	0.5547139	0.00122363	0.80052521	1.0	0.00220588	0.95043197	1.0	0.0	242	255	0	
571	0.7785432	0.9454504	0.00201773	0.45106494	0.54776604	0.00116901	0.82346276	1.0	0.00213415	0.9834905	1.0	0.0	251	255	0	
572	0.7948256	0.9384992	0.0019482	0.45804067	0.54083663	0.00112271	0.84691132	1.0	0.00207587	1.0	1.0	0.0	255	255	0	
573	0.8109264	0.9311628	0.0018898	0.46498633	0.53393005	0.00108361	0.870875	1.0	0.00202951	1.0	1.0	0.0	255	255	0	
574	0.8268248	0.9234576	0.00184093	0.47189874	0.52705057	0.00105069	0.89535762	1.0	0.00199352	1.0	1.0	0.0	255	255	0	
575	0.8425	0.9154	0.0018	0.47877479	0.52020231	0.0010229	0.92036268	1.0	0.00196635	1.0	1.0	0.0	255	255	0	
576	0.8579325	0.9070064	0.00176627	0.48561159	0.51338866	9.9975E-4	0.94589465	1.0	0.00194736	1.0	0.99575574	0.0	255	254	0	
577	0.8730816	0.8982772	0.0017378	0.49240498	0.50661492	9.8009E-4	0.9719512	1.0	0.00193459	1.0	0.98439568	0.0	255	251	0	
578	0.8878944	0.8892048	0.0017112	0.49915067	0.49988734	9.6199E-4	0.99852632	1.0	0.00192442	1.0	0.97262769	0.0	255	248	0	
579	0.9023181	0.8797816	0.00168307	0.50584528	0.49321118	9.4354E-4	1.02561602	1.0	0.00191305	1.0	0.96043438	0.0	255	245	0	
580	0.9163	0.87	0.00165	0.51248637	0.48659079	9.2285E-4	1.05321839	1.0	0.00189655	1.0	0.94779572	0.0	255	242	0	
581	0.9297995	0.8598613	0.00161013	0.51907251	0.48002861	8.9888E-4	1.08133661	1.0	0.00187255	1.0	0.93468723	0.0	255	238	0	
582	0.9427984	0.849392	0.0015644	0.52560049	0.47352737	8.7214E-4	1.10996854	1.0	0.00184179	1.0	0.92108454	0.0	255	235	0	
583	0.9552776	0.838622	0.0015136	0.5320656	0.46709136	8.4304E-4	1.13910391	1.0	0.00180487	1.0	0.90696459	0.0	255	231	0	
584	0.9672179	0.8275813	0.00145853	0.53846276	0.46072525	8.1198E-4	1.16872856	1.0	0.0017624	1.0	0.89230355	0.0	255	228	0	
585	0.9786	0.8163	0.0014	0.54478651	0.45443411	7.7938E-4	1.19882396	1.0	0.00171506	1.0	0.87707681	0.0	255	224	0	
586	0.9893856	0.8047947	0.00133667	0.55103105	0.4482245	7.4445E-4	1.22936396	1.0	0.00166088	1.0	0.8612605	0.0	255	220	0	
587	0.9995488	0.793082	0.00127	0.55719291	0.44209914	7.0795E-4	1.26033474	1.0	0.00160135	1.0	0.84482078	0.0	255	215	0	
588	1.0090892	0.781192	0.001205	0.56326931	0.43605806	6.7263E-4	1.29173007	1.0	0.00154251	1.0	0.82771503	0.0	255	211	0	
589	1.0180064	0.7691547	0.00114667	0.56925682	0.43010197	6.412E-4	1.3235392	1.0	0.00149081	1.0	0.80989719	0.0	255	207	0	
590	1.0263	0.757	0.0011	0.57515131	0.42423223	6.1645E-4	1.35574637	1.0	0.0014531	1.0	0.7913172	0.0	255	202	0	
591	1.0339827	0.7447541	0.0010688	0.58095261	0.41844688	6.0052E-4	1.38835449	1.0	0.0014351	1.0	0.77190567	0.0	255	197	0	
592	1.040986	0.7324224	0.0010494	0.58665019	0.41275842	5.9139E-4	1.42129187	1.0	0.00143278	1.0	0.75162833	0.0	255	192	0	
593	1.047188	0.7200036	0.0010356	0.5922248	0.40718953	5.8567E-4	1.45442051	1.0	0.00143833	1.0	0.73048681	0.0	255	186	0	
594	1.0524667	0.7074965	0.0010212	0.59765816	0.40176193	5.799E-4	1.4875928	1.0	0.0014434	1.0	0.70848748	0.0	255	181	0	
595	1.0567	0.6949	0.001	0.60293279	0.39649663	5.7058E-4	1.52065045	1.0	0.00143906	1.0	0.68564353	0.0	255	175	0	
596	1.0597944	0.6822192	9.6864E-4	0.60803511	0.39140915	5.5574E-4	1.55345144	1.0	0.00141984	1.0	0.66195722	0.0	255	169	0	
597	1.0617992	0.6694716	9.2992E-4	0.612977	0.38648616	5.3684E-4	1.58602576	1.0	0.00138904	1.0	0.63729691	0.0	255	163	0	
598	1.0628068	0.6566744	8.8688E-4	0.61777873	0.38170576	5.1552E-4	1.61846845	1.0	0.00135056	1.0	0.61144855	0.0	255	156	0	
599	1.0629096	0.6438448	8.4256E-4	0.6224593	0.37704729	4.9342E-4	1.6508786	1.0	0.00130864	1.0	0.5841425	0.0	255	149	0	
600	1.0622	0.631	8.0E-4	0.6270366	0.37249115	4.7226E-4	1.68335975	1.0	0.00126783	1.0	0.55503113	0.0	255	142	0	
601	1.0607352	0.6181555	7.6096E-4	0.63152094	0.36802601	4.5305E-4	1.71596823	1.0	0.00123102	1.0	0.52370505	0.0	255	134	0	
602	1.0584436	0.6053144	7.2368E-4	0.63589982	0.3636654	4.3478E-4	1.74858487	1.0	0.00119554	1.0	0.48979548	0.0	255	125	0	
603	1.0552244	0.5924756	6.8592E-4	0.64015616	0.35942772	4.1612E-4	1.7810428	1.0	0.00115772	1.0	0.45282867	0.0	255	115	0	
604	1.0509768	0.5796379	6.4544E-4	0.64427296	0.35533137	3.9567E-4	1.81316094	1.0	0.00111352	1.0	0.41210553	0.0	255	105	0	
605	1.0456	0.5668	6.0E-4	0.64823311	0.35139492	3.7198E-4	1.84474241	1.0	0.00105857	1.0	0.36651721	0.0	255	93	0	
606	1.0390369	0.5539611	5.4787E-4	0.65202824	0.34762796	3.438E-4	1.87564957	1.0	9.89E-4	1.0	0.31396768	0.0	255	80	0	
607	1.0313608	0.5411372	4.916E-4	0.65566918	0.34401829	3.1253E-4	1.90591369	1.0	9.0846E-4	1.0	0.24961668	0.0	255	64	0	
608	1.0226662	0.5283528	4.354E-4	0.65916613	0.34055323	2.8064E-4	1.93557449	1.0	8.2407E-4	1.0	0.15880784	0.0	255	40	0	
609	1.0130477	0.5156323	3.8347E-4	0.66252822	0.33722099	2.5079E-4	1.96467075	1.0	7.4368E-4	1.0	0.0	0.0	255	0	0	
610	1.0026	0.503	3.4E-4	0.66576358	0.33401065	2.2577E-4	1.99324056	1.0	6.7594E-4	1.0	0.0	0.0	255	0	0	
611	0.9913675	0.4904688	3.0725E-4	0.66887414	0.33091855	2.073E-4	2.02126517	1.0	6.2645E-4	1.0	0.0	0.0	255	0	0	
612	0.9793314	0.4780304	2.8316E-4	0.67185867	0.32794707	1.9426E-4	2.04868017	1.0	5.9235E-4	1.0	0.0	0.0	255	0	0	
613	0.9664916	0.4656776	2.6544E-4	0.67471951	0.32509518	1.8531E-4	2.0754522	1.0	5.7001E-4	1.0	0.0	0.0	255	0	0	
614	0.9528479	0.4534032	2.5181E-4	0.67745889	0.32236208	1.7904E-4	2.10154648	1.0	5.5538E-4	1.0	0.0	0.0	255	0	0	
615	0.9384	0.4412	2.4E-4	0.68007885	0.31974722	1.7393E-4	2.12692656	1.0	5.4397E-4	1.0	0.0	0.0	255	0	0	
616	0.923194	0.42908	2.2955E-4	0.68258157	0.31724871	1.6972E-4	2.15156614	1.0	5.3497E-4	1.0	0.0	0.0	255	0	0	
617	0.907244	0.417036	2.2064E-4	0.6849706	0.31486282	1.6658E-4	2.17545727	1.0	5.2907E-4	1.0	0.0	0.0	255	0	0	
618	0.890502	0.405032	2.1196E-4	0.68725045	0.31258596	1.6358E-4	2.19859665	1.0	5.2332E-4	1.0	0.0	0.0	255	0	0	
619	0.87292	0.393032	2.0219E-4	0.6894263	0.31041401	1.5969E-4	2.22098964	1.0	5.1443E-4	1.0	0.0	0.0	255	0	0	
620	0.8544499	0.381	1.9E-4	0.69150397	0.30834226	1.5377E-4	2.24265066	1.0	4.9869E-4	1.0	0.0	0.0	255	0	0	
621	0.835084	0.3689184	1.7421E-4	0.69348963	0.30636569	1.4467E-4	2.26360084	1.0	4.7223E-4	1.0	0.0	0.0	255	0	0	
622	0.814946	0.3568272	1.5564E-4	0.69538864	0.30447856	1.3281E-4	2.28386737	1.0	4.3618E-4	1.0	0.0	0.0	255	0	0	
623	0.794186	0.3447768	1.3596E-4	0.69720557	0.30267507	1.1936E-4	2.30347866	1.0	3.9434E-4	1.0	0.0	0.0	255	0	0	
624	0.772954	0.3328176	1.1685E-4	0.69894391	0.30095042	1.0566E-4	2.3224553	1.0	3.511E-4	1.0	0.0	0.0	255	0	0	
625	0.7514	0.321	1.0E-4	0.70060606	0.2993007	9.324E-5	2.34080997	1.0	3.1153E-4	1.0	0.0	0.0	255	0	0	
626	0.7295836	0.3093381	8.613E-5	0.70219259	0.29772451	8.29E-5	2.35853133	1.0	2.7844E-4	1.0	0.0	0.0	255	0	0	
627	0.7075888	0.2978504	7.46E-5	0.70370869	0.29621712	7.419E-5	2.37565167	1.0	2.5046E-4	1.0	0.0	0.0	255	0	0	
628	0.6856022	0.2865936	6.5E-5	0.70516285	0.29477029	6.685E-5	2.39224533	1.0	2.268E-4	1.0	0.0	0.0	255	0	0	
629	0.6638104	0.2756245	5.693E-5	0.70656325	0.29337615	6.06E-5	2.40838677	1.0	2.0656E-4	1.0	0.0	0.0	255	0	0	
630	0.6424	0.265	5.0E-5	0.70791779	0.29202711	5.51E-5	2.42415094	1.0	1.8868E-4	1.0	0.0	0.0	255	0	0	
631	0.6215149	0.2547632	4.416E-5	0.70923099	0.29071862	5.039E-5	2.43957879	1.0	1.7334E-4	1.0	0.0	0.0	255	0	0	
632	0.6011138	0.2448896	3.948E-5	0.71050039	0.28945294	4.666E-5	2.4546318	1.0	1.6122E-4	1.0	0.0	0.0	255	0	0	
633	0.5811052	0.2353344	3.572E-5	0.71172415	0.2882321	4.375E-5	2.46927436	1.0	1.5178E-4	1.0	0.0	0.0	255	0	0	
634	0.5613977	0.2260528	3.264E-5	0.71290123	0.28705732	4.145E-5	2.48348041	1.0	1.4439E-4	1.0	0.0	0.0	255	0	0	
635	0.5419	0.217	3.0E-5	0.7140316	0.28592887	3.953E-5	2.49723502	1.0	1.3825E-4	1.0	0.0	0.0	255	0	0	
636	0.5225995	0.2081616	2.765E-5	0.71511705	0.28484511	3.784E-5	2.51054709	1.0	1.3285E-4	1.0	0.0	0.0	255	0	0	
637	0.5035464	0.1995488	2.556E-5	0.7161592	0.28380445	3.635E-5	2.52342485	1.0	1.2809E-4	1.0	0.0	0.0	255	0	0	
638	0.4847436	0.1911552	2.364E-5	0.71715861	0.28280641	3.497E-5	2.53586405	1.0	1.2367E-4	1.0	0.0	0.0	255	0	0	
639	0.4661939	0.1829744	2.181E-5	0.71811614	0.28185026	3.36E-5	2.54786407	1.0	1.1922E-4	1.0	0.0	0.0	255	0	0	
640	0.4479	0.175	2.0E-5	0.71903294	0.28093495	3.211E-5	2.55942857	1.0	1.1429E-4	1.0	0.0	0.0	255	0	0	
641	0.4298613	0.1672235	1.813E-5	0.71991155	0.28005808	3.037E-5	2.57057949	1.0	1.0844E-4	1.0	0.0	0.0	255	0	0	
642	0.412098	0.1596464	1.62E-5	0.72075271	0.27921896	2.833E-5	2.58131721	1.0	1.0147E-4	1.0	0.0	0.0	255	0	0	
643	0.394644	0.1522776	1.42E-5	0.72155452	0.27841951	2.596E-5	2.59160901	1.0	9.325E-5	1.0	0.0	0.0	255	0	0	
644	0.3775333	0.1451259	1.213E-5	0.72231492	0.27766187	2.321E-5	2.60141918	1.0	8.361E-5	1.0	0.0	0.0	255	0	0	
645	0.3608	0.1382	1.0E-5	0.7230316	0.27694836	2.004E-5	2.61070912	1.0	7.236E-5	1.0	0.0	0.0	255	0	0	
646	0.3444563	0.1315003	7.73E-6	0.72370192	0.27628184	1.625E-5	2.61943357	1.0	5.881E-5	1.0	0.0	0.0	255	0	0	
647	0.3285168	0.1250248	5.4E-6	0.72432802	0.27566007	1.191E-5	2.62761308	1.0	4.319E-5	1.0	0.0	0.0	255	0	0	
648	0.3130192	0.1187792	3.2E-6	0.72491441	0.27507818	7.41E-6	2.63530315	1.0	2.694E-5	1.0	0.0	0.0	255	0	0	
649	0.2980011	0.1127691	1.33E-6	0.72546678	0.27452998	3.25E-6	2.64257762	1.0	1.182E-5	1.0	0.0	0.0	255	0	0	
650	0.2835	0.107	0.0	0.72599232	0.27400768	0.0	2.64953271	1.0	0.0	1.0	0.0	0.0	255	0	0	
651	0.2695448	0.1014762	0.0	0.72649473	0.27350527	0.0	2.65623663	1.0	0.0	1.0	0.0	0.0	255	0	0	
652	0.2561184	0.09618864	0.0	0.72697497	0.27302503	0.0	2.66266786	1.0	0.0	1.0	0.0	0.0	255	0	0	
653	0.2431896	0.09112296	0.0	0.72743184	0.27256816	0.0	2.66880707	1.0	0.0	1.0	0.0	0.0	255	0	0	
654	0.2307272	0.08626485	0.0	0.72786431	0.27213569	0.0	2.67463747	1.0	0.0	1.0	0.0	0.0	255	0	0	
655	0.2187	0.0816	0.0	0.72827173	0.27172827	0.0	2.68014706	1.0	0.0	1.0	0.0	0.0	255	0	0	
656	0.2070971	0.07712064	0.0	0.72865649	0.27134351	0.0	2.68536542	1.0	0.0	1.0	0.0	0.0	255	0	0	
657	0.1959232	0.07282552	0.0	0.72902003	0.27097997	0.0	2.69030966	1.0	0.0	1.0	0.0	0.0	255	0	0	
658	0.1851708	0.06871008	0.0	0.72936095	0.27063905	0.0	2.69495829	1.0	0.0	1.0	0.0	0.0	255	0	0	
659	0.1748323	0.06476976	0.0	0.72967778	0.27032222	0.0	2.69928899	1.0	0.0	1.0	0.0	0.0	255	0	0	
660	0.1649	0.061	0.0	0.72996901	0.27003099	0.0	2.70327869	1.0	0.0	1.0	0.0	0.0	255	0	0	
661	0.1553667	0.05739621	0.0	0.73023395	0.26976605	0.0	2.70691567	1.0	0.0	1.0	0.0	0.0	255	0	0	
662	0.14623	0.05395504	0.0	0.73047417	0.26952583	0.0	2.71021947	1.0	0.0	1.0	0.0	0.0	255	0	0	
663	0.13749	0.05067376	0.0	0.73069331	0.26930669	0.0	2.71323857	1.0	0.0	1.0	0.0	0.0	255	0	0	
664	0.1291467	0.04754965	0.0	0.73089625	0.26910375	0.0	2.71603892	1.0	0.0	1.0	0.0	0.0	255	0	0	
665	0.1212	0.04458	0.0	0.7310894	0.2689106	0.0	2.71870794	1.0	0.0	1.0	0.0	0.0	255	0	0	
666	0.1136397	0.04175872	0.0	0.73127964	0.26872036	0.0	2.7213406	1.0	0.0	1.0	0.0	0.0	255	0	0	
667	0.106465	0.03908496	0.0	0.73146705	0.26853295	0.0	2.7239378	1.0	0.0	1.0	0.0	0.0	255	0	0	
668	0.09969044	0.03656384	0.0	0.73164997	0.26835003	0.0	2.72647621	1.0	0.0	1.0	0.0	0.0	255	0	0	
669	0.09333061	0.03420048	0.0	0.73182633	0.26817367	0.0	2.7289269	1.0	0.0	1.0	0.0	0.0	255	0	0	
670	0.0874	0.032	0.0	0.7319933	0.2680067	0.0	2.73125	1.0	0.0	1.0	0.0	0.0	255	0	0	
671	0.08190096	0.02996261	0.0	0.73215042	0.26784958	0.0	2.73343878	1.0	0.0	1.0	0.0	0.0	255	0	0	
672	0.07680428	0.02807664	0.0	0.73229983	0.26770017	0.0	2.73552248	1.0	0.0	1.0	0.0	0.0	255	0	0	
673	0.07207712	0.02632936	0.0	0.73244282	0.26755718	0.0	2.73751888	1.0	0.0	1.0	0.0	0.0	255	0	0	
674	0.06768664	0.02470805	0.0	0.73258149	0.26741851	0.0	2.73945698	1.0	0.0	1.0	0.0	0.0	255	0	0	
675	0.0636	0.0232	0.0	0.73271889	0.26728111	0.0	2.74137931	1.0	0.0	1.0	0.0	0.0	255	0	0	
676	0.05980685	0.02180077	0.0	0.73285865	0.26714135	0.0	2.74333659	1.0	0.0	1.0	0.0	0.0	255	0	0	
677	0.05628216	0.02050112	0.0	0.73300021	0.26699979	0.0	2.74532123	1.0	0.0	1.0	0.0	0.0	255	0	0	
678	0.05297104	0.01928108	0.0	0.73314167	0.26685833	0.0	2.74730669	1.0	0.0	1.0	0.0	0.0	255	0	0	
679	0.04981861	0.01812069	0.0	0.73328118	0.26671882	0.0	2.74926672	1.0	0.0	1.0	0.0	0.0	255	0	0	
680	0.04677	0.017	0.0	0.73341697	0.26658303	0.0	2.75117647	1.0	0.0	1.0	0.0	0.0	255	0	0	
681	0.04378405	0.01590379	0.0	0.73355059	0.26644941	0.0	2.7530576	1.0	0.0	1.0	0.0	0.0	255	0	0	
682	0.04087536	0.01483718	0.0	0.7336833	0.2663167	0.0	2.75492782	1.0	0.0	1.0	0.0	0.0	255	0	0	
683	0.03807264	0.01381068	0.0	0.73381272	0.26618728	0.0	2.75675347	1.0	0.0	1.0	0.0	0.0	255	0	0	
684	0.03540461	0.01283478	0.0	0.73393569	0.26606431	0.0	2.75848982	1.0	0.0	1.0	0.0	0.0	255	0	0	
685	0.0329	0.01192	0.0	0.7340473	0.2659527	0.0	2.76006711	1.0	0.0	1.0	0.0	0.0	255	0	0	
686	0.03056419	0.01106831	0.0	0.73414256	0.26585744	0.0	2.76141434	1.0	0.0	1.0	0.0	0.0	255	0	0	
687	0.02838056	0.01027339	0.0	0.73422147	0.26577853	0.0	2.76253116	1.0	0.0	1.0	0.0	0.0	255	0	0	
688	0.02634484	0.00953331	0.0	0.73428645	0.26571355	0.0	2.76345123	1.0	0.0	1.0	0.0	0.0	255	0	0	
689	0.02445275	0.00884616	0.0	0.73434092	0.26565908	0.0	2.76422293	1.0	0.0	1.0	0.0	0.0	255	0	0	
690	0.0227	0.00821	0.0	0.73439016	0.26560984	0.0	2.76492083	1.0	0.0	1.0	0.0	0.0	255	0	0	
691	0.02108429	0.00762378	0.0	0.73443771	0.26556229	0.0	2.76559492	1.0	0.0	1.0	0.0	0.0	255	0	0	
692	0.01959988	0.00708542	0.0	0.73448217	0.26551783	0.0	2.76622542	1.0	0.0	1.0	0.0	0.0	255	0	0	
693	0.01823732	0.00659148	0.0	0.73452293	0.26547707	0.0	2.76680367	1.0	0.0	1.0	0.0	0.0	255	0	0	
694	0.01698717	0.00613849	0.0	0.73455952	0.26544048	0.0	2.76732288	1.0	0.0	1.0	0.0	0.0	255	0	0	
695	0.01584	0.005723	0.0	0.73459166	0.26540834	0.0	2.76777914	1.0	0.0	1.0	0.0	0.0	255	0	0	
696	0.01479064	0.00534306	0.0	0.73462109	0.26537891	0.0	2.76819702	1.0	0.0	1.0	0.0	0.0	255	0	0	
697	0.01383132	0.0049958	0.0	0.7346489	0.2653511	0.0	2.76859183	1.0	0.0	1.0	0.0	0.0	255	0	0	
698	0.01294868	0.0046764	0.0	0.73467338	0.26532662	0.0	2.76893955	1.0	0.0	1.0	0.0	0.0	255	0	0	
699	0.0121292	0.00438008	0.0	0.73469005	0.26530995	0.0	2.76917633	1.0	0.0	1.0	0.0	0.0	255	0	0	
700	0.01135916	0.004102	0.0	0.73469002	0.26530998	0.0	2.76917601	1.0	0.0	1.0	0.0	0.0	255	0	0	
701	0.01062935	0.00383845	0.0	0.73468999	0.26531001	0.0	2.7691755	1.0	0.0	1.0	0.0	0.0	255	0	0	
702	0.00993885	0.0035891	0.0	0.73469001	0.26530999	0.0	2.76917577	1.0	0.0	1.0	0.0	0.0	255	0	0	
703	0.00928842	0.00335422	0.0	0.73469001	0.26530999	0.0	2.76917578	1.0	0.0	1.0	0.0	0.0	255	0	0	
704	0.00867885	0.00313409	0.0	0.73469	0.26531	0.0	2.76917564	1.0	0.0	1.0	0.0	0.0	255	0	0	
705	0.00811092	0.002929	0.0	0.73469001	0.26530999	0.0	2.76917583	1.0	0.0	1.0	0.0	0.0	255	0	0	
706	0.00758239	0.00273814	0.0	0.73469	0.26531	0.0	2.76917571	1.0	0.0	1.0	0.0	0.0	255	0	0	
707	0.00708875	0.00255988	0.0	0.73468999	0.26531001	0.0	2.76917554	1.0	0.0	1.0	0.0	0.0	255	0	0	
708	0.00662731	0.00239324	0.0	0.73469	0.26531	0.0	2.76917565	1.0	0.0	1.0	0.0	0.0	255	0	0	
709	0.00619541	0.00223728	0.0	0.73469002	0.26530998	0.0	2.76917589	1.0	0.0	1.0	0.0	0.0	255	0	0	
710	0.00579035	0.002091	0.0	0.73468999	0.26531001	0.0	2.76917551	1.0	0.0	1.0	0.0	0.0	255	0	0	
711	0.00540983	0.00195359	0.0	0.73469001	0.26530999	0.0	2.76917588	1.0	0.0	1.0	0.0	0.0	255	0	0	
712	0.00505258	0.00182458	0.0	0.73469002	0.26530998	0.0	2.76917592	1.0	0.0	1.0	0.0	0.0	255	0	0	
713	0.00471751	0.00170358	0.0	0.73468999	0.26531001	0.0	2.7691755	1.0	0.0	1.0	0.0	0.0	255	0	0	
714	0.00440351	0.00159019	0.0	0.73468999	0.26531001	0.0	2.76917557	1.0	0.0	1.0	0.0	0.0	255	0	0	
715	0.00410946	0.001484	0.0	0.73469001	0.26530999	0.0	2.76917588	1.0	0.0	1.0	0.0	0.0	255	0	0	
716	0.00383391	0.0013845	0.0	0.73469002	0.26530998	0.0	2.76917593	1.0	0.0	1.0	0.0	0.0	255	0	0	
717	0.00357575	0.00129127	0.0	0.73469	0.26531	0.0	2.76917572	1.0	0.0	1.0	0.0	0.0	255	0	0	
718	0.00333434	0.00120409	0.0	0.73468998	0.26531002	0.0	2.76917545	1.0	0.0	1.0	0.0	0.0	255	0	0	
719	0.00310908	0.00112274	0.0	0.73468998	0.26531002	0.0	2.76917534	1.0	0.0	1.0	0.0	0.0	255	0	0	
720	0.00289933	0.001047	0.0	0.73469	0.26531	0.0	2.76917574	1.0	0.0	1.0	0.0	0.0	255	0	0	
721	0.00270435	9.7659E-4	0.0	0.73468999	0.26531001	0.0	2.76917551	1.0	0.0	1.0	0.0	0.0	255	0	0	
722	0.00252302	9.1111E-4	0.0	0.73468997	0.26531003	0.0	2.76917532	1.0	0.0	1.0	0.0	0.0	255	0	0	
723	0.00235417	8.5013E-4	0.0	0.73468998	0.26531002	0.0	2.76917547	1.0	0.0	1.0	0.0	0.0	255	0	0	
724	0.00219662	7.9324E-4	0.0	0.73468996	0.26531004	0.0	2.76917507	1.0	0.0	1.0	0.0	0.0	255	0	0	
725	0.00204919	7.4E-4	0.0	0.73469	0.26531	0.0	2.76917568	1.0	0.0	1.0	0.0	0.0	255	0	0	
726	0.00191096	6.9008E-4	0.0	0.73468998	0.26531002	0.0	2.76917535	1.0	0.0	1.0	0.0	0.0	255	0	0	
727	0.00178144	6.4331E-4	0.0	0.73468996	0.26531004	0.0	2.76917505	1.0	0.0	1.0	0.0	0.0	255	0	0	
728	0.00166011	5.995E-4	0.0	0.73469003	0.26530997	0.0	2.76917611	1.0	0.0	1.0	0.0	0.0	255	0	0	
729	0.00154646	5.5845E-4	0.0	0.73468998	0.26531002	0.0	2.76917537	1.0	0.0	1.0	0.0	0.0	255	0	0	
730	0.00143997	5.2E-4	0.0	0.73468995	0.26531005	0.0	2.769175	1.0	0.0	1.0	0.0	0.0	255	0	0	
731	0.00134004	4.8391E-4	0.0	0.73469003	0.26530997	0.0	2.76917615	1.0	0.0	1.0	0.0	0.0	255	0	0	
732	0.00124628	4.5005E-4	0.0	0.73468996	0.26531004	0.0	2.76917508	1.0	0.0	1.0	0.0	0.0	255	0	0	
733	0.00115847	4.1835E-4	0.0	0.73468994	0.26531006	0.0	2.76917483	1.0	0.0	1.0	0.0	0.0	255	0	0	
734	0.00107643	3.8872E-4	0.0	0.73469008	0.26530992	0.0	2.76917686	1.0	0.0	1.0	0.0	0.0	255	0	0	
735	9.9995E-4	3.611E-4	0.0	0.73468999	0.26531001	0.0	2.76917557	1.0	0.0	1.0	0.0	0.0	255	0	0	
736	9.2874E-4	3.3538E-4	0.0	0.73468999	0.26531001	0.0	2.76917559	1.0	0.0	1.0	0.0	0.0	255	0	0	
737	8.6243E-4	3.1144E-4	0.0	0.73469	0.26531	0.0	2.76917574	1.0	0.0	1.0	0.0	0.0	255	0	0	
738	8.0075E-4	2.8917E-4	0.0	0.73468999	0.26531001	0.0	2.76917552	1.0	0.0	1.0	0.0	0.0	255	0	0	
739	7.434E-4	2.6845E-4	0.0	0.73469	0.26531	0.0	2.76917564	1.0	0.0	1.0	0.0	0.0	255	0	0	
740	6.9008E-4	2.492E-4	0.0	0.73469001	0.26530999	0.0	2.76917576	1.0	0.0	1.0	0.0	0.0	255	0	0	
741	6.4052E-4	2.313E-4	0.0	0.73469	0.26531	0.0	2.7691757	1.0	0.0	1.0	0.0	0.0	255	0	0	
742	5.945E-4	2.1469E-4	0.0	0.73468999	0.26531001	0.0	2.76917548	1.0	0.0	1.0	0.0	0.0	255	0	0	
743	5.5186E-4	1.9929E-4	0.0	0.73469	0.26531	0.0	2.76917573	1.0	0.0	1.0	0.0	0.0	255	0	0	
744	5.1243E-4	1.8505E-4	0.0	0.73468999	0.26531001	0.0	2.76917548	1.0	0.0	1.0	0.0	0.0	255	0	0	
745	4.7602E-4	1.719E-4	0.0	0.73469	0.26531	0.0	2.76917568	1.0	0.0	1.0	0.0	0.0	255	0	0	
746	4.4245E-4	1.5978E-4	0.0	0.73468999	0.26531001	0.0	2.7691755	1.0	0.0	1.0	0.0	0.0	255	0	0	
747	4.1151E-4	1.486E-4	0.0	0.73469	0.26531	0.0	2.76917574	1.0	0.0	1.0	0.0	0.0	255	0	0	
748	3.8298E-4	1.383E-4	0.0	0.73468999	0.26531001	0.0	2.76917548	1.0	0.0	1.0	0.0	0.0	255	0	0	
749	3.5665E-4	1.2879E-4	0.0	0.73469002	0.26530998	0.0	2.769176	1.0	0.0	1.0	0.0	0.0	255	0	0	
750	3.323E-4	1.2E-4	0.0	0.73469001	0.26530999	0.0	2.76917583	1.0	0.0	1.0	0.0	0.0	255	0	0	
751	3.0976E-4	1.1186E-4	0.0	0.73469	0.26531	0.0	2.76917562	1.0	0.0	1.0	0.0	0.0	255	0	0	
752	2.8889E-4	1.0432E-4	0.0	0.73469003	0.26530997	0.0	2.76917613	1.0	0.0	1.0	0.0	0.0	255	0	0	
753	2.6954E-4	9.734E-5	0.0	0.73469002	0.26530998	0.0	2.76917592	1.0	0.0	1.0	0.0	0.0	255	0	0	
754	2.5157E-4	9.085E-5	0.0	0.73469002	0.26530998	0.0	2.76917597	1.0	0.0	1.0	0.0	0.0	255	0	0	
755	2.3483E-4	8.48E-5	0.0	0.73469	0.26531	0.0	2.76917571	1.0	0.0	1.0	0.0	0.0	255	0	0	
756	2.1917E-4	7.915E-5	0.0	0.73468997	0.26531003	0.0	2.76917525	1.0	0.0	1.0	0.0	0.0	255	0	0	
757	2.0453E-4	7.386E-5	0.0	0.73469002	0.26530998	0.0	2.76917599	1.0	0.0	1.0	0.0	0.0	255	0	0	
758	1.9084E-4	6.892E-5	0.0	0.73468999	0.26531001	0.0	2.76917552	1.0	0.0	1.0	0.0	0.0	255	0	0	
759	1.7807E-4	6.43E-5	0.0	0.73469001	0.26530999	0.0	2.76917584	1.0	0.0	1.0	0.0	0.0	255	0	0	
760	1.6615E-4	6.0E-5	0.0	0.73468995	0.26531005	0.0	2.769175	1.0	0.0	1.0	0.0	0.0	255	0	0	
761	1.5502E-4	5.598E-5	0.0	0.73468996	0.26531004	0.0	2.76917509	1.0	0.0	1.0	0.0	0.0	255	0	0	
762	1.4462E-4	5.223E-5	0.0	0.73469005	0.26530995	0.0	2.76917642	1.0	0.0	1.0	0.0	0.0	255	0	0	
763	1.3491E-4	4.872E-5	0.0	0.73468999	0.26531001	0.0	2.76917551	1.0	0.0	1.0	0.0	0.0	255	0	0	
764	1.2585E-4	4.545E-5	0.0	0.73468996	0.26531004	0.0	2.76917505	1.0	0.0	1.0	0.0	0.0	255	0	0	
765	1.1741E-4	4.24E-5	0.0	0.73468992	0.26531008	0.0	2.76917453	1.0	0.0	1.0	0.0	0.0	255	0	0	
766	1.0955E-4	3.956E-5	0.0	0.73469025	0.26530975	0.0	2.76917924	1.0	0.0	1.0	0.0	0.0	255	0	0	
767	1.0222E-4	3.692E-5	0.0	0.73469009	0.26530991	0.0	2.76917697	1.0	0.0	1.0	0.0	0.0	255	0	0	
768	9.539E-5	3.445E-5	0.0	0.73469001	0.26530999	0.0	2.76917577	1.0	0.0	1.0	0.0	0.0	255	0	0	
769	8.902E-5	3.215E-5	0.0	0.73468999	0.26531001	0.0	2.76917559	1.0	0.0	1.0	0.0	0.0	255	0	0	
770	8.308E-5	3.0E-5	0.0	0.73469	0.26531	0.0	2.76917567	1.0	0.0	1.0	0.0	0.0	255	0	0	
771	7.751E-5	2.799E-5	0.0	0.73469	0.26531	0.0	2.76917572	1.0	0.0	1.0	0.0	0.0	255	0	0	
772	7.231E-5	2.611E-5	0.0	0.7346899	0.2653101	0.0	2.76917433	1.0	0.0	1.0	0.0	0.0	255	0	0	
773	6.746E-5	2.436E-5	0.0	0.73468999	0.26531001	0.0	2.76917551	1.0	0.0	1.0	0.0	0.0	255	0	0	
774	6.293E-5	2.272E-5	0.0	0.73469001	0.26530999	0.0	2.7691758	1.0	0.0	1.0	0.0	0.0	255	0	0	
775	5.871E-5	2.12E-5	0.0	0.73468999	0.26531001	0.0	2.76917547	1.0	0.0	1.0	0.0	0.0	255	0	0	
776	5.477E-5	1.978E-5	0.0	0.73469	0.26531	0.0	2.7691757	1.0	0.0	1.0	0.0	0.0	255	0	0	
777	5.11E-5	1.845E-5	0.0	0.73468999	0.26531001	0.0	2.76917549	1.0	0.0	1.0	0.0	0.0	255	0	0	
778	4.768E-5	1.722E-5	0.0	0.73469001	0.26530999	0.0	2.76917581	1.0	0.0	1.0	0.0	0.0	255	0	0	
779	4.449E-5	1.606E-5	0.0	0.73468999	0.26531001	0.0	2.76917556	1.0	0.0	1.0	0.0	0.0	255	0	0	
780	4.151E-5	1.499E-5	0.0	0.73468998	0.26531002	0.0	2.76917545	1.0	0.0	1.0	0.0	0.0	255	0	0	
781	3.873E-5	1.399E-5	0.0	0.73469002	0.26530998	0.0	2.76917599	1.0	0.0	1.0	0.0	0.0	255	0	0	
782	3.614E-5	1.305E-5	0.0	0.73468981	0.26531019	0.0	2.76917301	1.0	0.0	1.0	0.0	0.0	255	0	0	
783	3.372E-5	1.218E-5	0.0	0.73469	0.26531	0.0	2.76917569	1.0	0.0	1.0	0.0	0.0	255	0	0	
784	3.146E-5	1.136E-5	0.0	0.73469	0.26531	0.0	2.76917573	1.0	0.0	1.0	0.0	0.0	255	0	0	
785	2.935E-5	1.06E-5	0.0	0.73468999	0.26531001	0.0	2.76917547	1.0	0.0	1.0	0.0	0.0	255	0	0	
786	2.738E-5	9.89E-6	0.0	0.73469	0.26531	0.0	2.76917566	1.0	0.0	1.0	0.0	0.0	255	0	0	
787	2.552E-5	9.22E-6	0.0	0.73468997	0.26531003	0.0	2.76917524	1.0	0.0	1.0	0.0	0.0	255	0	0	
788	2.379E-5	8.59E-6	0.0	0.73469	0.26531	0.0	2.76917569	1.0	0.0	1.0	0.0	0.0	255	0	0	
789	2.218E-5	8.01E-6	0.0	0.73469003	0.26530997	0.0	2.76917614	1.0	0.0	1.0	0.0	0.0	255	0	0	
790	2.067E-5	7.47E-6	0.0	0.73468995	0.26531005	0.0	2.76917503	1.0	0.0	1.0	0.0	0.0	255	0	0	
791	1.927E-5	6.96E-6	0.0	0.73468996	0.26531004	0.0	2.76917515	1.0	0.0	1.0	0.0	0.0	255	0	0	
792	1.797E-5	6.49E-6	0.0	0.73468987	0.26531013	0.0	2.76917386	1.0	0.0	1.0	0.0	0.0	255	0	0	
793	1.675E-5	6.05E-6	0.0	0.73469	0.26531	0.0	2.76917565	1.0	0.0	1.0	0.0	0.0	255	0	0	
794	1.562E-5	5.64E-6	0.0	0.73469002	0.26530998	0.0	2.76917599	1.0	0.0	1.0	0.0	0.0	255	0	0	
795	1.456E-5	5.26E-6	0.0	0.73468997	0.26531003	0.0	2.76917532	1.0	0.0	1.0	0.0	0.0	255	0	0	
796	1.357E-5	4.9E-6	0.0	0.73469007	0.26530993	0.0	2.76917669	1.0	0.0	1.0	0.0	0.0	255	0	0	
797	1.265E-5	4.57E-6	0.0	0.73469004	0.26530996	0.0	2.76917623	1.0	0.0	1.0	0.0	0.0	255	0	0	
798	1.18E-5	4.26E-6	0.0	0.73469007	0.26530993	0.0	2.76917671	1.0	0.0	1.0	0.0	0.0	255	0	0	
799	1.1E-5	3.97E-6	0.0	0.73468995	0.26531005	0.0	2.76917491	1.0	0.0	1.0	0.0	0.0	255	0	0	
800	1.025E-5	3.7E-6	0.0	0.73469037	0.26530963	0.0	2.76918091	1.0	0.0	1.0	0.0	0.0	255	0	0	
801	9.56E-6	3.45E-6	0.0	0.73469	0.26531	0.0	2.76917573	1.0	0.0	1.0	0.0	0.0	255	0	0	
802	8.91E-6	3.22E-6	0.0	0.73468905	0.26531095	0.0	2.76916212	1.0	0.0	1.0	0.0	0.0	255	0	0	
803	8.31E-6	3.0E-6	0.0	0.73469	0.26531	0.0	2.76917575	1.0	0.0	1.0	0.0	0.0	255	0	0	
804	7.75E-6	2.8E-6	0.0	0.73468999	0.26531001	0.0	2.76917558	1.0	0.0	1.0	0.0	0.0	255	0	0	
805	7.22E-6	2.61E-6	0.0	0.73468999	0.26531001	0.0	2.76917555	1.0	0.0	1.0	0.0	0.0	255	0	0	
806	6.73E-6	2.43E-6	0.0	0.73468999	0.26531001	0.0	2.76917556	1.0	0.0	1.0	0.0	0.0	255	0	0	
807	6.28E-6	2.27E-6	0.0	0.73469001	0.26530999	0.0	2.76917589	1.0	0.0	1.0	0.0	0.0	255	0	0	
808	5.85E-6	2.11E-6	0.0	0.73469119	0.26530881	0.0	2.76919262	1.0	0.0	1.0	0.0	0.0	255	0	0	
809	5.46E-6	1.97E-6	0.0	0.73468999	0.26531001	0.0	2.76917555	1.0	0.0	1.0	0.0	0.0	255	0	0	
810	5.09E-6	1.84E-6	0.0	0.73469	0.26531	0.0	2.76917565	1.0	0.0	1.0	0.0	0.0	255	0	0	
811	4.74E-6	1.71E-6	0.0	0.73469001	0.26530999	0.0	2.76917587	1.0	0.0	1.0	0.0	0.0	255	0	0	
812	4.42E-6	1.6E-6	0.0	0.73469001	0.26530999	0.0	2.76917583	1.0	0.0	1.0	0.0	0.0	255	0	0	
813	4.12E-6	1.49E-6	0.0	0.73469002	0.26530998	0.0	2.76917592	1.0	0.0	1.0	0.0	0.0	255	0	0	
814	3.84E-6	1.39E-6	0.0	0.73468999	0.26531001	0.0	2.76917554	1.0	0.0	1.0	0.0	0.0	255	0	0	
815	3.58E-6	1.29E-6	0.0	0.73469001	0.26530999	0.0	2.76917582	1.0	0.0	1.0	0.0	0.0	255	0	0	
816	3.34E-6	1.21E-6	0.0	0.73468998	0.26531002	0.0	2.76917533	1.0	0.0	1.0	0.0	0.0	255	0	0	
817	3.11E-6	1.12E-6	0.0	0.73468997	0.26531003	0.0	2.76917527	1.0	0.0	1.0	0.0	0.0	255	0	0	
818	2.9E-6	1.05E-6	0.0	0.73469167	0.26530833	0.0	2.76919943	1.0	0.0	1.0	0.0	0.0	255	0	0	
819	2.71E-6	9.8E-7	0.0	0.73469002	0.26530998	0.0	2.76917599	1.0	0.0	1.0	0.0	0.0	255	0	0	
820	2.52E-6	9.1E-7	0.0	0.73468998	0.26531002	0.0	2.76917546	1.0	0.0	1.0	0.0	0.0	255	0	0	
821	2.35E-6	8.5E-7	0.0	0.73469	0.26531	0.0	2.76917563	1.0	0.0	1.0	0.0	0.0	255	0	0	
822	2.19E-6	7.9E-7	0.0	0.73468999	0.26531001	0.0	2.76917556	1.0	0.0	1.0	0.0	0.0	255	0	0	
823	2.04E-6	7.4E-7	0.0	0.73469	0.26531	0.0	2.7691757	1.0	0.0	1.0	0.0	0.0	255	0	0	
824	1.91E-6	6.9E-7	0.0	0.73469001	0.26530999	0.0	2.76917579	1.0	0.0	1.0	0.0	0.0	255	0	0	
825	1.78E-6	6.4E-7	0.0	0.73468997	0.26531003	0.0	2.76917525	1.0	0.0	1.0	0.0	0.0	255	0	0	
826	1.66E-6	6.0E-7	0.0	0.73469001	0.26530999	0.0	2.76917585	1.0	0.0	1.0	0.0	0.0	255	0	0	
827	1.54E-6	5.6E-7	0.0	0.73468722	0.26531278	0.0	2.76913618	1.0	0.0	1.0	0.0	0.0	255	0	0	
828	1.44E-6	5.2E-7	0.0	0.73469004	0.26530996	0.0	2.76917631	1.0	0.0	1.0	0.0	0.0	255	0	0	
829	1.34E-6	4.8E-7	0.0	0.7346934	0.2653066	0.0	2.76922398	1.0	0.0	1.0	0.0	0.0	255	0	0	
830	1.25E-6	4.5E-7	0.0	0.73468996	0.26531004	0.0	2.7691751	1.0	0.0	1.0	0.0	0.0	255	0	0	
