CIE 1931 2 Degree Observer(D50) and sRGB(D65/Gamma encoded)

Wave Length	Tristimulus X	Tristimulus Y	Tristimulus Z	Normalized x	Normalized y	Normalized z	Relative X	Relative Y	Relative Z	Red	Green	Blue	Red-Integer	Green-Integer	Blue-Integer	
360	1.299E-4	3.92E-6	6.061E-4	0.17556023	0.00529384	0.81914593	33.16313505	1.0	154.73576717	1.0	0.0	1.0	255	0	255	
365	2.321E-4	6.97E-6	0.001086	0.17516122	0.00525635	0.81958244	33.32376167	1.0	155.92246949	1.0	0.0	1.0	255	0	255	
370	4.149E-4	1.239E-5	0.001946	0.17482061	0.0052206	0.81995879	33.48668281	1.0	157.06214689	1.0	0.0	1.0	255	0	255	
375	7.416E-4	2.202E-5	0.003486	0.17450972	0.00518164	0.82030864	33.67847411	1.0	158.3106267	1.0	0.0	1.0	255	0	255	
380	0.001368	3.9E-5	0.00645	0.17411223	0.00496373	0.82092404	35.07692308	1.0	165.38464103	1.0	0.0	1.0	255	0	255	
385	0.002236	6.4E-5	0.01054999	0.17400792	0.00498055	0.82101153	34.9375	1.0	164.84359375	1.0	0.0	1.0	255	0	255	
390	0.004243	1.2E-4	0.02005001	0.17380077	0.00491541	0.82128382	35.35833333	1.0	167.08341667	1.0	0.0	1.0	255	0	255	
395	0.00765	2.17E-4	0.03621	0.17355991	0.0049232	0.82151689	35.25345622	1.0	166.86635945	1.0	0.0	1.0	255	0	255	
400	0.01431	3.96E-4	0.06785001	0.17333687	0.00479674	0.82186639	36.13636364	1.0	171.33840909	1.0	0.0	1.0	255	0	255	
405	0.02319	6.4E-4	0.1102	0.17302097	0.00477505	0.82220398	36.234375	1.0	172.1875	1.0	0.0	1.0	255	0	255	
410	0.04351	0.00121	0.2074	0.17257655	0.0047993	0.82262415	35.95867769	1.0	171.40495868	1.0	0.0	1.0	255	0	255	
415	0.07763	0.00218	0.3713	0.17208663	0.00483252	0.82308085	35.61009174	1.0	170.32110092	1.0	0.0	1.0	255	0	255	
420	0.13438	0.004	0.6456	0.17140743	0.00510217	0.8234904	33.595	1.0	161.4	1.0	0.0	1.0	255	0	255	
425	0.21477	0.0073	1.0390501	0.17030099	0.0057885	0.82391051	29.42054795	1.0	142.33563014	1.0	0.0	1.0	255	0	255	
430	0.2839	0.0116	1.3856	0.16887752	0.00690024	0.82422224	24.47413793	1.0	119.44827586	1.0	0.0	1.0	255	0	255	
435	0.3285	0.01684	1.62296	0.16689529	0.00855561	0.8245491	19.50712589	1.0	96.37529691	1.0	0.0	1.0	255	0	255	
440	0.34828	0.023	1.74706	0.16441176	0.01085756	0.82473069	15.1426087	1.0	75.95913043	1.0	0.0	1.0	255	0	255	
445	0.34806	0.0298	1.7826	0.16110458	0.01379336	0.82510206	11.67986577	1.0	59.81879195	1.0	0.0	1.0	255	0	255	
450	0.3362	0.038	1.77211	0.15664093	0.0177048	0.82565426	8.84736842	1.0	46.63447368	1.0	0.0	1.0	255	0	255	
455	0.3187	0.048	1.7441	0.15098541	0.02274019	0.8262744	6.63958333	1.0	36.33541667	1.0	0.0	1.0	255	0	255	
460	0.2908	0.06	1.6692	0.1439604	0.02970297	0.82633663	4.84666667	1.0	27.82	0.0	0.0	1.0	0	0	255	
465	0.2511	0.0739	1.5281	0.13550267	0.03987912	0.82461821	3.39783491	1.0	20.67794317	0.0	0.0	1.0	0	0	255	
470	0.19536	0.09098	1.28764	0.12411848	0.05780251	0.81807901	2.14728512	1.0	14.15300066	0.0	0.57298109	1.0	0	146	255	
475	0.1421	0.1126	1.0419	0.10959432	0.08684251	0.80356317	1.26198934	1.0	9.25310835	0.0	0.9958025	1.0	0	254	255	
480	0.09564	0.13902	0.8129501	0.09129351	0.13270204	0.77600445	0.68795857	1.0	5.84772047	0.0	1.0	1.0	0	255	255	
485	0.05795001	0.1693	0.6162	0.06870592	0.20072322	0.73057086	0.34229185	1.0	3.63969285	0.0	1.0	1.0	0	255	255	
490	0.03201	0.20802	0.46518	0.04539073	0.29497596	0.6596333	0.15387943	1.0	2.23622729	0.0	1.0	1.0	0	255	255	
495	0.0147	0.2586	0.3533	0.02345994	0.41270348	0.56383658	0.05684455	1.0	1.36620263	0.0	1.0	1.0	0	255	255	
500	0.0049	0.323	0.272	0.00816803	0.53842307	0.4534089	0.01517028	1.0	0.84210526	0.0	1.0	0.98005798	0	255	250	
505	0.0024	0.4073	0.2123	0.00385852	0.65482315	0.34131833	0.00589246	1.0	0.52123742	0.0	1.0	0.73783898	0	255	188	
510	0.0093	0.503	0.1582	0.01387025	0.75018643	0.23594333	0.01848907	1.0	0.31451292	0.0	1.0	0.5002303	0	255	128	
515	0.0291	0.6082	0.1117	0.0388518	0.81201602	0.14913218	0.0478461	1.0	0.18365669	0.0	1.0	0.1981307	0	255	51	
520	0.06327	0.71	0.07824999	0.07430242	0.83380309	0.09189448	0.08911268	1.0	0.11021125	0.0	1.0	0.0	0	255	0	
525	0.1096	0.7932	0.05725001	0.11416072	0.82620696	0.05963232	0.13817448	1.0	0.07217601	0.0	1.0	0.0	0	255	0	
530	0.1655	0.862	0.04216	0.15472206	0.80586355	0.03941439	0.19199536	1.0	0.04890951	0.0	1.0	0.0	0	255	0	
535	0.2257499	0.9148501	0.02984	0.1928761	0.78162922	0.02549469	0.24676163	1.0	0.03261737	0.0	1.0	0.0	0	255	0	
540	0.2904	0.954	0.0203	0.22961967	0.75432909	0.01605124	0.30440252	1.0	0.02127883	0.0	1.0	0.0	0	255	0	
545	0.3597	0.9803	0.0134	0.26577508	0.72432392	0.00990099	0.36692849	1.0	0.01366928	0.0	1.0	0.0	0	255	0	
550	0.4334499	0.9949501	0.00875	0.3016038	0.69230776	0.00608844	0.43564989	1.0	0.00879441	0.0	1.0	0.0	0	255	0	
555	0.5120501	1.0	0.00575	0.33736333	0.65884829	0.00378838	0.5120501	1.0	0.00575	0.0	1.0	0.0	0	255	0	
560	0.5945	0.995	0.0039	0.37310154	0.62445086	0.0024476	0.59748744	1.0	0.0039196	0.54072503	1.0	0.0	138	255	0	
565	0.6784	0.9786	0.00275	0.40873626	0.58960687	0.00165688	0.69323523	1.0	0.00281014	0.77007483	1.0	0.0	196	255	0	
570	0.7621	0.952	0.0021	0.44406246	0.5547139	0.00122363	0.80052521	1.0	0.00220588	0.95043197	1.0	0.0	242	255	0	
575	0.8425	0.9154	0.0018	0.47877479	0.52020231	0.0010229	0.92036268	1.0	0.00196635	1.0	1.0	0.0	255	255	0	
580	0.9163	0.87	0.00165	0.51248637	0.48659079	9.2285E-4	1.05321839	1.0	0.00189655	1.0	0.94779572	0.0	255	242	0	
585	0.9786	0.8163	0.0014	0.54478651	0.45443411	7.7938E-4	1.19882396	1.0	0.00171506	1.0	0.87707681	0.0	255	224	0	
590	1.0263	0.757	0.0011	0.57515131	0.42423223	6.1645E-4	1.35574637	1.0	0.0014531	1.0	0.7913172	0.0	255	202	0	
595	1.0567	0.6949	0.001	0.60293279	0.39649663	5.7058E-4	1.52065045	1.0	0.00143906	1.0	0.68564353	0.0	255	175	0	
600	1.0622	0.631	8.0E-4	0.6270366	0.37249115	4.7226E-4	1.68335975	1.0	0.00126783	1.0	0.55503113	0.0	255	142	0	
605	1.0456	0.5668	6.0E-4	0.64823311	0.35139492	3.7198E-4	1.84474241	1.0	0.00105857	1.0	0.36651721	0.0	255	93	0	
610	1.0026	0.503	3.4E-4	0.66576358	0.33401065	2.2577E-4	1.99324056	1.0	6.7594E-4	1.0	0.0	0.0	255	0	0	
615	0.9384	0.4412	2.4E-4	0.68007885	0.31974722	1.7393E-4	2.12692656	1.0	5.4397E-4	1.0	0.0	0.0	255	0	0	
620	0.8544499	0.381	1.9E-4	0.69150397	0.30834226	1.5377E-4	2.24265066	1.0	4.9869E-4	1.0	0.0	0.0	255	0	0	
625	0.7514	0.321	1.0E-4	0.70060606	0.2993007	9.324E-5	2.34080997	1.0	3.1153E-4	1.0	0.0	0.0	255	0	0	
630	0.6424	0.265	5.0E-5	0.70791779	0.29202711	5.51E-5	2.42415094	1.0	1.8868E-4	1.0	0.0	0.0	255	0	0	
635	0.5419	0.217	3.0E-5	0.7140316	0.28592887	3.953E-5	2.49723502	1.0	1.3825E-4	1.0	0.0	0.0	255	0	0	
640	0.4479	0.175	2.0E-5	0.71903294	0.28093495	3.211E-5	2.55942857	1.0	1.1429E-4	1.0	0.0	0.0	255	0	0	
645	0.3608	0.1382	1.0E-5	0.7230316	0.27694836	2.004E-5	2.61070912	1.0	7.236E-5	1.0	0.0	0.0	255	0	0	
650	0.2835	0.107	0.0	0.72599232	0.27400768	0.0	2.64953271	1.0	0.0	1.0	0.0	0.0	255	0	0	
655	0.2187	0.0816	0.0	0.72827173	0.27172827	0.0	2.68014706	1.0	0.0	1.0	0.0	0.0	255	0	0	
660	0.1649	0.061	0.0	0.72996901	0.27003099	0.0	2.70327869	1.0	0.0	1.0	0.0	0.0	255	0	0	
665	0.1212	0.04458	0.0	0.7310894	0.2689106	0.0	2.71870794	1.0	0.0	1.0	0.0	0.0	255	0	0	
670	0.0874	0.032	0.0	0.7319933	0.2680067	0.0	2.73125	1.0	0.0	1.0	0.0	0.0	255	0	0	
675	0.0636	0.0232	0.0	0.73271889	0.26728111	0.0	2.74137931	1.0	0.0	1.0	0.0	0.0	255	0	0	
680	0.04677	0.017	0.0	0.73341697	0.26658303	0.0	2.75117647	1.0	0.0	1.0	0.0	0.0	255	0	0	
685	0.0329	0.01192	0.0	0.7340473	0.2659527	0.0	2.76006711	1.0	0.0	1.0	0.0	0.0	255	0	0	
690	0.0227	0.00821	0.0	0.73439016	0.26560984	0.0	2.76492083	1.0	0.0	1.0	0.0	0.0	255	0	0	
695	0.01584	0.005723	0.0	0.73459166	0.26540834	0.0	2.76777914	1.0	0.0	1.0	0.0	0.0	255	0	0	
700	0.01135916	0.004102	0.0	0.73469002	0.26530998	0.0	2.76917601	1.0	0.0	1.0	0.0	0.0	255	0	0	
705	0.00811092	0.002929	0.0	0.73469001	0.26530999	0.0	2.76917583	1.0	0.0	1.0	0.0	0.0	255	0	0	
710	0.00579035	0.002091	0.0	0.73468999	0.26531001	0.0	2.76917551	1.0	0.0	1.0	0.0	0.0	255	0	0	
715	0.00410646	0.001484	0.0	0.73454764	0.26545236	0.0	2.76715431	1.0	0.0	1.0	0.0	0.0	255	0	0	
720	0.00289933	0.001047	0.0	0.73469	0.26531	0.0	2.76917574	1.0	0.0	1.0	0.0	0.0	255	0	0	
725	0.00204919	7.4E-4	0.0	0.73469	0.26531	0.0	2.76917568	1.0	0.0	1.0	0.0	0.0	255	0	0	
730	0.00143997	5.2E-4	0.0	0.73468995	0.26531005	0.0	2.769175	1.0	0.0	1.0	0.0	0.0	255	0	0	
735	9.9995E-4	3.611E-4	0.0	0.73468999	0.26531001	0.0	2.76917557	1.0	0.0	1.0	0.0	0.0	255	0	0	
740	6.9008E-4	2.492E-4	0.0	0.73469001	0.26530999	0.0	2.76917576	1.0	0.0	1.0	0.0	0.0	255	0	0	
745	4.7602E-4	1.719E-4	0.0	0.73469	0.26531	0.0	2.76917568	1.0	0.0	1.0	0.0	0.0	255	0	0	
750	3.323E-4	1.2E-4	0.0	0.73469001	0.26530999	0.0	2.76917583	1.0	0.0	1.0	0.0	0.0	255	0	0	
755	2.3483E-4	8.48E-5	0.0	0.73469	0.26531	0.0	2.76917571	1.0	0.0	1.0	0.0	0.0	255	0	0	
760	1.6615E-4	6.0E-5	0.0	0.73468995	0.26531005	0.0	2.769175	1.0	0.0	1.0	0.0	0.0	255	0	0	
765	1.1741E-4	4.24E-5	0.0	0.73468992	0.26531008	0.0	2.76917453	1.0	0.0	1.0	0.0	0.0	255	0	0	
770	8.308E-5	3.0E-5	0.0	0.73469	0.26531	0.0	2.76917567	1.0	0.0	1.0	0.0	0.0	255	0	0	
775	5.871E-5	2.12E-5	0.0	0.73468999	0.26531001	0.0	2.76917547	1.0	0.0	1.0	0.0	0.0	255	0	0	
780	4.151E-5	1.499E-5	0.0	0.73468998	0.26531002	0.0	2.76917545	1.0	0.0	1.0	0.0	0.0	255	0	0	
785	2.935E-5	1.06E-5	0.0	0.73468999	0.26531001	0.0	2.76917547	1.0	0.0	1.0	0.0	0.0	255	0	0	
790	2.067E-5	7.47E-6	0.0	0.73468995	0.26531005	0.0	2.76917503	1.0	0.0	1.0	0.0	0.0	255	0	0	
795	1.456E-5	5.26E-6	0.0	0.73468997	0.26531003	0.0	2.76917532	1.0	0.0	1.0	0.0	0.0	255	0	0	
800	1.025E-5	3.7E-6	0.0	0.73469037	0.26530963	0.0	2.76918091	1.0	0.0	1.0	0.0	0.0	255	0	0	
805	7.22E-6	2.61E-6	0.0	0.73468999	0.26531001	0.0	2.76917555	1.0	0.0	1.0	0.0	0.0	255	0	0	
810	5.09E-6	1.84E-6	0.0	0.73469	0.26531	0.0	2.76917565	1.0	0.0	1.0	0.0	0.0	255	0	0	
815	3.58E-6	1.29E-6	0.0	0.73469001	0.26530999	0.0	2.76917582	1.0	0.0	1.0	0.0	0.0	255	0	0	
820	2.52E-6	9.1E-7	0.0	0.73468998	0.26531002	0.0	2.76917546	1.0	0.0	1.0	0.0	0.0	255	0	0	
825	1.78E-6	6.4E-7	0.0	0.73468997	0.26531003	0.0	2.76917525	1.0	0.0	1.0	0.0	0.0	255	0	0	
830	1.25E-6	4.5E-7	0.0	0.73468996	0.26531004	0.0	2.7691751	1.0	0.0	1.0	0.0	0.0	255	0	0	
