CIE 1964 10度观察者（D50）与sRGB（Gamma编码/D65）

波长	刺激值X	刺激值Y	刺激值Z	归一化值x	归一化值y	归一化值z	相对值X	相对值Y	相对值Z	红色	绿色	蓝色	红色-整型	绿色-整型	蓝色-整型	
360	1.2E-7	1.0E-8	5.4E-7	0.18222542	0.01997918	0.7977954	9.12076429	1.0	39.93133303	1.0	0.0	1.0	255	0	255	
365	9.2E-7	1.0E-7	4.03E-6	0.18209785	0.01993772	0.79796443	9.13333333	1.0	40.02285147	1.0	0.0	1.0	255	0	255	
370	5.96E-6	6.5E-7	2.614E-5	0.1819231	0.01987885	0.79819805	9.15158962	1.0	40.15312548	1.0	0.0	1.0	255	0	255	
375	3.327E-5	3.63E-6	1.4622E-4	0.18167123	0.01979674	0.79853204	9.17682759	1.0	40.33655172	1.0	0.0	1.0	255	0	255	
380	1.5995E-4	1.736E-5	7.0478E-4	0.18133256	0.01968502	0.79898242	9.21170237	1.0	40.5883437	1.0	0.0	1.0	255	0	255	
385	6.6244E-4	7.156E-5	0.0029278	0.18090557	0.0195423	0.79955213	9.25712689	1.0	40.91391839	1.0	0.0	1.0	255	0	255	
390	0.0023616	2.534E-4	0.0104822	0.18031335	0.01934765	0.800339	9.31965272	1.0	41.36621942	1.0	0.0	1.0	255	0	255	
395	0.0072423	7.685E-4	0.032344	0.17946564	0.01904358	0.80149078	9.42394275	1.0	42.08718282	1.0	0.0	1.0	255	0	255	
400	0.0191097	0.0020044	0.0860109	0.17838693	0.01871085	0.80290222	9.53387547	1.0	42.9110457	1.0	0.0	1.0	255	0	255	
405	0.0434	0.004509	0.19712	0.17712189	0.0184019	0.8044762	9.62519406	1.0	43.71701042	1.0	0.0	1.0	255	0	255	
410	0.084736	0.008756	0.389366	0.17548845	0.0181337	0.80637786	9.6774783	1.0	44.46847876	1.0	0.0	1.0	255	0	255	
415	0.140638	0.014456	0.65676	0.17323065	0.01780616	0.80896319	9.72869397	1.0	45.43165468	1.0	0.0	1.0	255	0	255	
420	0.204492	0.021391	0.972542	0.17063396	0.01784926	0.81151678	9.55972138	1.0	45.46500865	1.0	0.0	1.0	255	0	255	
425	0.264737	0.029497	1.2825	0.16790213	0.01870766	0.81339021	8.97504831	1.0	43.47899786	1.0	0.0	1.0	255	0	255	
430	0.314679	0.038676	1.55348	0.16502686	0.02028282	0.81469031	8.13628607	1.0	40.16651153	1.0	0.0	1.0	255	0	255	
435	0.357719	0.049602	1.7985	0.16217046	0.02248687	0.81534268	7.21178582	1.0	36.2586186	1.0	0.0	1.0	255	0	255	
440	0.383734	0.062077	1.96728	0.15902177	0.0257251	0.81525313	6.18158094	1.0	31.69096445	1.0	0.0	1.0	255	0	255	
445	0.386726	0.074704	2.0273	0.1553909	0.03001692	0.81459218	5.17677768	1.0	27.1377704	1.0	0.0	1.0	255	0	255	
450	0.370702	0.089456	1.9948	0.15100136	0.03643891	0.81255973	4.14395904	1.0	22.29923091	0.68681427	0.0	1.0	175	0	255	
455	0.342957	0.106256	1.9007	0.14594455	0.04521699	0.80883845	3.22764832	1.0	17.88793103	0.0	0.0	1.0	0	0	255	
460	0.302273	0.128201	1.74537	0.13892218	0.05892012	0.80215769	2.35780532	1.0	13.61432438	0.0	0.28027583	1.0	0	71	255	
465	0.254085	0.152761	1.5549	0.12951983	0.07786992	0.79261026	1.66328448	1.0	10.17864507	0.0	0.81448708	1.0	0	208	255	
470	0.195618	0.18519	1.31756	0.11517998	0.10903997	0.77578004	1.05630974	1.0	7.11463902	0.0	1.0	1.0	0	255	255	
475	0.132349	0.21994	1.0302	0.09573241	0.15908987	0.74517772	0.60175048	1.0	4.68400473	0.0	1.0	1.0	0	255	255	
480	0.080507	0.253589	0.772125	0.0727766	0.229239	0.6979844	0.3174704	1.0	3.04478901	0.0	1.0	1.0	0	255	255	
485	0.041072	0.297665	0.5706	0.04516697	0.32734289	0.62749014	0.13798062	1.0	1.91692003	0.0	1.0	1.0	0	255	255	
490	0.016172	0.339133	0.415254	0.02098736	0.44011296	0.53889968	0.04768631	1.0	1.22445766	0.0	1.0	1.0	0	255	255	
495	0.005132	0.395379	0.302356	0.00730152	0.56252321	0.43017527	0.01297995	1.0	0.76472448	0.0	1.0	0.9291645	0	255	237	
500	0.003816	0.460777	0.218502	0.00558634	0.67454307	0.31987059	0.00828166	1.0	0.47420336	0.0	1.0	0.69284745	0	255	177	
505	0.015444	0.53136	0.159249	0.02187371	0.75257806	0.22554822	0.02906504	1.0	0.29970077	0.0	1.0	0.47796007	0	255	122	
510	0.037465	0.606741	0.112044	0.0495405	0.80230215	0.14815736	0.06174793	1.0	0.18466529	0.0	1.0	0.20580463	0	255	52	
515	0.071358	0.68566	0.082248	0.0850243	0.81697579	0.09799992	0.10407199	1.0	0.1199545	0.0	1.0	0.0	0	255	0	
520	0.117749	0.761757	0.060709	0.12523625	0.81019448	0.06456927	0.15457554	1.0	0.07969602	0.0	1.0	0.0	0	255	0	
525	0.172953	0.82333	0.04305	0.16640769	0.79217152	0.0414208	0.21006522	1.0	0.05228766	0.0	1.0	0.0	0	255	0	
530	0.236491	0.875211	0.030451	0.2070572	0.76628175	0.02666105	0.27021027	1.0	0.03479275	0.0	1.0	0.0	0	255	0	
535	0.304213	0.92381	0.020584	0.24364191	0.73987251	0.01648557	0.32930256	1.0	0.02228164	0.0	1.0	0.0	0	255	0	
540	0.376772	0.961988	0.013676	0.27858767	0.7113002	0.01011212	0.39165977	1.0	0.01421639	0.0	1.0	0.0	0	255	0	
545	0.451584	0.9822	0.007918	0.31322978	0.6812781	0.00549212	0.45976787	1.0	0.00806149	0.0	1.0	0.0	0	255	0	
550	0.529826	0.991761	0.003988	0.34729594	0.65008997	0.0026141	0.5342275	1.0	0.00402113	0.26092879	1.0	0.0	67	255	0	
555	0.616053	0.99911	0.001091	0.38116101	0.61816398	6.7502E-4	0.61660178	1.0	0.00109197	0.59694194	1.0	0.0	152	255	0	
560	0.705224	0.99734	0.0	0.41421292	0.58578708	0.0	0.7071049	1.0	0.0	0.79726013	1.0	0.0	203	255	0	
565	0.793832	0.98238	0.0	0.44692413	0.55307587	0.0	0.8080702	1.0	0.0	0.96196822	1.0	0.0	245	255	0	
570	0.878655	0.955552	0.0	0.47903808	0.52096192	0.0	0.9195261	1.0	0.0	1.0	1.0	0.0	255	255	0	
575	0.951162	0.915175	0.0	0.50964108	0.49035892	0.0	1.03932253	1.0	0.0	1.0	0.95415629	0.0	255	243	0	
580	1.01416	0.868934	0.0	0.53856048	0.46143952	0.0	1.16713122	1.0	0.0	1.0	0.89307203	0.0	255	228	0	
585	1.0743	0.825623	0.0	0.56544397	0.43455603	0.0	1.30119922	1.0	0.0	1.0	0.82243473	0.0	255	210	0	
590	1.11852	0.777405	0.0	0.58996005	0.41003995	0.0	1.43878673	1.0	0.0	1.0	0.74053042	0.0	255	189	0	
595	1.1343	0.720353	0.0	0.61159689	0.38840311	0.0	1.57464465	1.0	0.0	1.0	0.6460147	0.0	255	165	0	
600	1.12399	0.658341	0.0	0.63062922	0.36937078	0.0	1.7073067	1.0	0.0	1.0	0.53221347	0.0	255	136	0	
605	1.0891	0.593878	0.0	0.6471267	0.3528733	0.0	1.83387834	1.0	0.0	1.0	0.38289861	0.0	255	98	0	
610	1.03048	0.527963	0.0	0.66122406	0.33877594	0.0	1.95180344	1.0	0.0	1.0	0.06821374	0.0	255	17	0	
615	0.95074	0.461834	0.0	0.673055	0.326945	0.0	2.05861846	1.0	0.0	1.0	0.0	0.0	255	0	0	
620	0.856297	0.398057	0.0	0.68265976	0.31734024	0.0	2.15119191	1.0	0.0	1.0	0.0	0.0	255	0	0	
625	0.75493	0.339554	0.0	0.68975883	0.31024117	0.0	2.2232988	1.0	0.0	1.0	0.0	0.0	255	0	0	
630	0.647467	0.283493	0.0	0.69548316	0.30451684	0.0	2.28389061	1.0	0.0	1.0	0.0	0.0	255	0	0	
635	0.53511	0.228254	0.0	0.70098931	0.29901069	0.0	2.34436198	1.0	0.0	1.0	0.0	0.0	255	0	0	
640	0.431567	0.179828	0.0	0.70587264	0.29412736	0.0	2.39988767	1.0	0.0	1.0	0.0	0.0	255	0	0	
645	0.34369	0.140211	0.0	0.71024858	0.28975142	0.0	2.45123421	1.0	0.0	1.0	0.0	0.0	255	0	0	
650	0.268329	0.107633	0.0	0.71371309	0.28628691	0.0	2.49299936	1.0	0.0	1.0	0.0	0.0	255	0	0	
655	0.2043	0.081187	0.0	0.71561928	0.28438072	0.0	2.51641273	1.0	0.0	1.0	0.0	0.0	255	0	0	
660	0.152568	0.060281	0.0	0.71678984	0.28321016	0.0	2.53094673	1.0	0.0	1.0	0.0	0.0	255	0	0	
665	0.11221	0.044096	0.0	0.71788671	0.28211329	0.0	2.54467525	1.0	0.0	1.0	0.0	0.0	255	0	0	
670	0.0812606	0.0318004	0.0	0.71873237	0.28126763	0.0	2.55533264	1.0	0.0	1.0	0.0	0.0	255	0	0	
675	0.05793	0.0226017	0.0	0.71934406	0.28065594	0.0	2.56308154	1.0	0.0	1.0	0.0	0.0	255	0	0	
680	0.0408508	0.0159051	0.0	0.71976306	0.28023694	0.0	2.56840888	1.0	0.0	1.0	0.0	0.0	255	0	0	
685	0.028623	0.0111303	0.0	0.7200157	0.2799843	0.0	2.5716288	1.0	0.0	1.0	0.0	0.0	255	0	0	
690	0.0199413	0.0077488	0.0	0.72015991	0.27984009	0.0	2.57346944	1.0	0.0	1.0	0.0	0.0	255	0	0	
695	0.013842	0.0053751	0.0	0.72029599	0.27970401	0.0	2.5752079	1.0	0.0	1.0	0.0	0.0	255	0	0	
700	0.00957688	0.00371774	0.0	0.72035756	0.27964244	0.0	2.57599509	1.0	0.0	1.0	0.0	0.0	255	0	0	
705	0.0066052	0.00256456	0.0	0.7203242	0.2796758	0.0	2.57556852	1.0	0.0	1.0	0.0	0.0	255	0	0	
710	0.00455263	0.00176847	0.0	0.72022749	0.27977251	0.0	2.57433262	1.0	0.0	1.0	0.0	0.0	255	0	0	
715	0.0031447	0.00122239	0.0	0.7200905	0.2799095	0.0	2.57258322	1.0	0.0	1.0	0.0	0.0	255	0	0	
720	0.00217496	8.4619E-4	0.0	0.71991129	0.28008871	0.0	2.57029745	1.0	0.0	1.0	0.0	0.0	255	0	0	
725	0.0015057	5.8644E-4	0.0	0.71969371	0.28030629	0.0	2.56752609	1.0	0.0	1.0	0.0	0.0	255	0	0	
730	0.00104476	4.0741E-4	0.0	0.71944745	0.28055255	0.0	2.56439459	1.0	0.0	1.0	0.0	0.0	255	0	0	
735	7.2745E-4	2.8404E-4	0.0	0.71918584	0.28081416	0.0	2.56107393	1.0	0.0	1.0	0.0	0.0	255	0	0	
740	5.0826E-4	1.9873E-4	0.0	0.71890612	0.28109388	0.0	2.55753032	1.0	0.0	1.0	0.0	0.0	255	0	0	
745	3.5638E-4	1.3955E-4	0.0	0.71860948	0.28139052	0.0	2.55378001	1.0	0.0	1.0	0.0	0.0	255	0	0	
750	2.5097E-4	9.843E-5	0.0	0.7182918	0.2817082	0.0	2.54977242	1.0	0.0	1.0	0.0	0.0	255	0	0	
755	1.7773E-4	6.982E-5	0.0	0.71795887	0.28204113	0.0	2.54558215	1.0	0.0	1.0	0.0	0.0	255	0	0	
760	1.2639E-4	4.974E-5	0.0	0.71760718	0.28239282	0.0	2.54116654	1.0	0.0	1.0	0.0	0.0	255	0	0	
765	9.015E-5	3.554E-5	0.0	0.71724023	0.28275977	0.0	2.53657095	1.0	0.0	1.0	0.0	0.0	255	0	0	
770	6.453E-5	2.549E-5	0.0	0.71685935	0.28314065	0.0	2.53181354	1.0	0.0	1.0	0.0	0.0	255	0	0	
775	4.634E-5	1.834E-5	0.0	0.71646356	0.28353644	0.0	2.52688348	1.0	0.0	1.0	0.0	0.0	255	0	0	
780	3.341E-5	1.325E-5	0.0	0.71605655	0.28394345	0.0	2.52182806	1.0	0.0	1.0	0.0	0.0	255	0	0	
785	2.421E-5	9.62E-6	0.0	0.71563706	0.28436294	0.0	2.51663271	1.0	0.0	1.0	0.0	0.0	255	0	0	
790	1.761E-5	7.01E-6	0.0	0.71520815	0.28479185	0.0	2.51133641	1.0	0.0	1.0	0.0	0.0	255	0	0	
795	1.286E-5	5.13E-6	0.0	0.71477025	0.28522975	0.0	2.50594565	1.0	0.0	1.0	0.0	0.0	255	0	0	
800	9.41E-6	3.76E-6	0.0	0.71432485	0.28567515	0.0	2.50047945	1.0	0.0	1.0	0.0	0.0	255	0	0	
805	6.91E-6	2.77E-6	0.0	0.71387192	0.28612808	0.0	2.4949383	1.0	0.0	1.0	0.0	0.0	255	0	0	
810	5.09E-6	2.05E-6	0.0	0.71341112	0.28658888	0.0	2.48931886	1.0	0.0	1.0	0.0	0.0	255	0	0	
815	3.77E-6	1.52E-6	0.0	0.71294335	0.28705665	0.0	2.48363298	1.0	0.0	1.0	0.0	0.0	255	0	0	
820	2.8E-6	1.13E-6	0.0	0.71247133	0.28752867	0.0	2.477914	1.0	0.0	1.0	0.0	0.0	255	0	0	
825	2.08E-6	8.4E-7	0.0	0.71199934	0.28800066	0.0	2.47221431	1.0	0.0	1.0	0.0	0.0	255	0	0	
830	1.55E-6	6.3E-7	0.0	0.7115226	0.2884774	0.0	2.4664761	1.0	0.0	1.0	0.0	0.0	255	0	0	
